338 : 105 path, hasEnd
	429( 17): 1354 1632 1845
	429( 50): 1354 1634 1414 1567 1731 1845
	429( 49): 1352 1410  909 1951  825 1710 1845
	429( 52): 1354 1633 1871 1971 1402 1436 1651
	429( 59): 1354 1633 1871 1973 1999 1743 1845
	429( 59): 1354 1633 1870 1985 1999 1743 1845
	429( 40): 1354 1633 1871 1971 1400 1671 1404 1552
	429( 45): 1354 1633 1871 1972 1980 1999 1743 1845
	429( 51): 1354 1632 1843 1971 1400 1671 1404 1552
	429( 47): 1354 1633 1871 1972 1979 1292 1508 1609  889
	429( 51): 1354 1633 1871 1971 1401 1900 1779 1801 1845
	429( 48): 1354 1631 1610 1310  277  258  508 1282 1731 1845
	429( 52): 1352 1409 1658 1016 1626 1867 1900 1779 1801 1845
	498( 21): 1354 1631 1612
	498( 33): 1353 1946 1983
	425( 38): 1352 1409 1656
	498( 22): 1354 1633 1870 1983
	422( 35): 1352 1410  910 1437
	498( 40): 1353 1947 1954 1957
	498( 40): 1353 1945 1960 1983
	498( 40): 1354 1634 1413 1963
	498( 41): 1354 1633 1869 1988
	498( 43): 1352 1408 1870 1983
	498( 46): 1352 1410  909 1950
	338( 46): 1352 1409 1659 1009
	498( 47): 1353 1947 1955 1988
	498( 50): 1353 1945 1961 1963
	498( 53): 1353 1946 1984 1988
	338( 19): 1354 1633 1871 1972 1982
	498( 23): 1354 1633 1871 1972 1981
	338( 30): 1354 1632 1843 1972 1982
	498( 34): 1354 1632 1843 1972 1981
	498( 36): 1352 1407 1788 1796 1983
	338( 37): 1352 1409 1659 1010 1982
	338( 40): 1352 1408 1871 1972 1982
	498( 41): 1352 1409 1659 1010 1981
	152( 41): 1352 1409 1658 1016 1625
	498( 42): 1354 1633 1870 1984 1988
	472( 42): 1352 1407 1788 1797 1885
	422( 43): 1353 1946 1985 1997 1437
	498( 44): 1352 1408 1871 1972 1981
	498( 46): 1354 1632 1842 1828 1957
	 33( 47): 1354 1632 1844 1876 1941
	498( 50): 1354 1631 1613 1472 1812
	383( 50): 1354 1631 1613 1470 1498
	472( 50): 1354 1634 1414 1568 1885
	498( 50): 1353 1947 1953 1968 1983
	338( 50): 1353 1945 1959 1972 1982
	 66( 52): 1354 1631 1614   81   49
	202( 30): 1354 1633 1871 1974  292  671
	422( 32): 1354 1633 1871 1973 1997 1437
	422( 32): 1354 1633 1870 1985 1997 1437
	498( 37): 1354 1633 1871 1971 1401 1902
	498( 38): 1354 1631 1611 1788 1796 1983
	202( 41): 1354 1632 1843 1974  292  671
	383( 41): 1354 1631 1614   82  601  659
	498( 42): 1352 1407 1788 1798 1870 1983
	210( 43): 1354 1631 1614   82  601  660
	422( 43): 1354 1632 1843 1973 1997 1437
	498( 43): 1354 1632 1842 1829 1861 1963
	422( 44): 1354 1633 1869 1989 1997 1437
	472( 44): 1354 1631 1611 1788 1797 1885
	498( 44): 1352 1407 1787 1919 1931 1957
	472( 45): 1354 1631 1610 1309  930 1885
	498( 46): 1354 1633 1869 1990 1931 1957
	383( 47): 1352 1409 1658 1015 1470 1498
	498( 47): 1352 1409 1658 1015 1472 1812
	498( 48): 1354 1632 1843 1971 1401 1902
	498( 48): 1354 1632 1844 1876 1938 1957
	498( 50): 1354 1632 1842 1830 1852 1902
	422( 50): 1353 1947 1955 1989 1997 1437
	422( 50): 1353 1945 1960 1985 1997 1437
	 33( 50): 1354 1632 1844 1877 1882 1941
	498( 51): 1354 1631 1613 1472 1813 1910
	472( 51): 1354 1632 1842 1831  507 1673
	202( 51): 1352 1408 1871 1974  292  671
	498( 52): 1352 1407 1787 1918 1954 1957
	421( 52): 1354 1631 1610 1310  278 1646
	498( 52): 1353 1947 1955 1990 1931 1957
	498( 53): 1352 1410  912 1467 1870 1983
	422( 53): 1352 1408 1871 1973 1997 1437
	422( 53): 1352 1408 1870 1985 1997 1437
	338( 58): 1354 1633 1869 1987 1848 1982
	498( 62): 1354 1633 1869 1987 1848 1981
	422( 18): 1354 1633 1871 1972 1980 1997 1437
	422( 29): 1354 1632 1843 1972 1980 1997 1437
	409( 36): 1354 1633 1871 1971 1400 1671 1406
	338( 36): 1354 1631 1610 1310  277  259 1183
	422( 36): 1352 1409 1659 1010 1980 1997 1437
	498( 38): 1352 1409 1658 1016 1626 1867 1902
	422( 39): 1352 1408 1871 1972 1980 1997 1437
	338( 39): 1352 1407 1788 1798 1871 1972 1982
	 33( 43): 1354 1632 1842 1830 1854 1882 1941
	498( 43): 1352 1407 1788 1798 1871 1972 1981
	498( 44): 1354 1631 1611 1788 1798 1870 1983
	422( 45): 1354 1633 1870 1984 1989 1997 1437
	422( 46): 1352 1407 1788 1796 1985 1997 1437
	498( 46): 1354 1631 1611 1787 1919 1931 1957
	409( 47): 1354 1632 1843 1971 1400 1671 1406
	498( 47): 1354 1633 1870 1984 1990 1931 1957
	498( 48): 1352 1409 1658 1015 1472 1813 1910
	338( 48): 1352 1409 1658 1016 1626 1868  158
	422( 49): 1353 1945 1959 1972 1980 1997 1437
	338( 49): 1354 1631 1610 1310  279 1144 1982
	338( 50): 1352 1410  912 1467 1871 1972 1982
152 : 105 path, hasEnd
	429( 44):  607  956 1493 1801 1845
	429( 32):  610  677  562 1493 1801 1845
	429( 49):  607  958  359  550 1325 1552
	429( 30):  608 1044 1220 1327 1508 1609  889
	429( 39):  610  678 1106 1900 1779 1801 1845
	429( 56):  608 1044 1218  857 1508 1609  889
	429( 57):  608 1043 1773 1005 1402 1436 1651
	429( 60):  608 1043 1774 1962 1978 1743 1845
	429( 63):  608 1043 1775 1980 1999 1743 1845
	429( 45):  608 1043 1773 1005 1400 1671 1404 1552
	429( 46):  608 1041 1373 1559 1951  825 1710 1845
	429( 48):  610  678 1106 1903  563  529 1404 1552
	429( 50):  608 1044 1218  858 1900 1779 1801 1845
	429( 50):  608 1041 1374 1874 1951  825 1710 1845
	202( 14):  610  679
	421( 25):  607  955
	472( 21):  607  957 1885
	498( 25):  610  678 1106 1902
	422( 33):  609 1061 1319 1437
	498( 35):  608 1041 1374 1873
	498( 36):  607  958  359  551
	422( 36):  609 1060 1997 1437
	498( 37):  608 1043 1774 1963
	338( 37):  608 1043 1775 1982
	498( 38):  611 1128 1968 1983
	338( 39):  611 1127 1972 1982
	498( 41):  608 1043 1775 1981
	383( 41):  610  677  560  624
	498( 43):  611 1127 1972 1981
	425( 44):  607  957 1884 1255
	425( 45):  611 1128 1970 1346
	409( 46):  611 1126  946 1576
	338( 46):  610  677  561 1898
	338( 49):  609 1062 1144 1982
	 66( 51):  609 1062 1146 1759
	498( 36):  608 1044 1218  858 1902
	425( 38):  608 1044 1221  477 1068
	383( 39):  608 1041 1375 1138  659
	498( 41):  610  678 1105 1942 1983
	210( 41):  608 1041 1375 1138  660
	 33( 42):  607  958  362 1455 1941
	498( 43):  608 1043 1773 1007  604
	498( 43):  610  677  561 1897 1963
	498( 43):  610  678 1105 1944 1963
	498( 43):  608 1041 1373 1559 1950
	472( 44):  607  958  360  594 1885
	472( 44):  611 1128 1967 1231 1885
	198( 44):  608 1044 1220 1330  812
	498( 45):  608 1042 1804 1852 1902
	498( 46):  608 1041 1375 1136 1902
	202( 46):  609 1062 1145 1461  671
	498( 47):  608 1041 1374 1874 1950
	498( 48):  610  677  561 1896 1902
	425( 48):  608 1041 1372  843 1346
	498( 48):  609 1061 1320 1867 1902
	498( 48):  611 1128 1969 1976 1983
	202( 50):  611 1127 1974  292  671
	472( 50):  608 1041 1375 1135 1122
	338( 50):  609 1062 1145 1459 1982
	472( 50):  611 1129  385 1116 1122
	498( 51):  608 1043 1776  501 1421
	152( 52):  608 1043 1777 1764 1625
	421( 57):  608 1044 1218  856  745
	422( 60):  608 1043 1776  501 1420
	498( 63):  608 1043 1777 1765 1950
	422( 36):  608 1043 1775 1980 1997 1437
	338( 36):  608 1043 1773 1006 1972 1982
	498( 37):  608 1044 1219 1245 1935 1983
	498( 37):  608 1041 1373 1562 1870 1983
	422( 38):  611 1127 1972 1980 1997 1437
	 33( 38):  608 1042 1804 1854 1882 1941
	422( 39):  610  677  562 1494  844 1437
	192( 39):  608 1043 1773 1007  605  804
	498( 40):  608 1043 1773 1006 1972 1981
	498( 41):  610  678 1106 1900 1778 1983
	498( 42):  608 1041 1372  842 1870 1983
	498( 42):  608 1043 1773 1005 1401 1902
	338( 43):  611 1129  386  874 1010 1982
	472( 43):  611 1126  946 1578  848 1673
	498( 43):  607  958  362 1455 1938 1957
	498( 44):  608 1041 1373 1560 1852 1902
	498( 45):  608 1044 1220 1330  813 1902
	498( 45):  607  957 1886 1892 1935 1983
	422( 47):  609 1062 1145 1460 1997 1437
	409( 47):  610  678 1106 1904  952 1342
	498( 47):  609 1062 1143 1128 1968 1983
	498( 47):  611 1129  386  874 1010 1981
	338( 47):  607  958  359  550 1325 1553
	 33( 47):  608 1044 1220 1328 1455 1941
	152( 48):  608 1041 1375 1137 1317 1625
	422( 48):  609 1062 1144 1980 1997 1437
	152( 48):  608 1041 1372  841 1581 1625
	338( 48):  609 1062 1143 1127 1972 1982
	472( 48):  608 1041 1373 1561 1809 1885
	422( 48):  611 1128 1968 1985 1997 1437
	 33( 49):  607  958  362 1454 1876 1941
	338( 50):  607  958  362 1456 1775 1982
	498( 50):  607  958  362 1456 1774 1963
	472( 50):  610  677  560  623  848 1673
	338( 51):  608 1041 1373 1560 1856  350
	338( 52):  608 1043 1774 1964 1972 1982
	498( 52):  608 1043 1777 1766 1935 1983
	498( 55):  608 1044 1220 1329 1893 1910
	498( 55):  608 1043 1774 1962 1976 1983
	498( 56):  608 1043 1774 1964 1972 1981
409 : 105 path, hasEnd
	429( 37): 1637 1896 1900 1779 1801 1845
	429( 41): 1637 1897 1962 1978 1743 1845
	429( 44): 1636 1840 1391  934 1532 1845
	429( 36): 1637 1895  948  508 1282 1731 1845
	429( 46): 1637 1896 1903  563  529 1404 1552
	429( 47): 1637 1897 1965 1417 1567 1731 1845
	429( 51): 1637 1897 1966  404 1493 1801 1845
	429( 47): 1636 1841 1813 1914 1304 1779 1801 1845
	429( 47): 1636 1837 1186  968 1626 1867 1900 1779 1801 1845
	338( 21): 1637 1898
	472( 34): 1636 1839
	498( 18): 1637 1897 1963
	498( 23): 1637 1896 1902
	338( 23): 1636 1837 1183
	498( 32): 1635 1960 1983
	498( 34): 1636 1841 1812
	498( 42): 1635 1961 1963
	498( 35): 1636 1841 1813 1910
	 42( 37): 1637 1899 1443  143
	338( 42): 1635 1959 1972 1982
	498( 46): 1635 1959 1972 1981
	198( 47): 1636 1841 1815  218
	498( 50): 1636 1840 1392 1988
	498( 52): 1635 1960 1984 1988
	498( 53): 1637 1896 1901 1988
	202( 53): 1636 1841 1815  219
	498( 27): 1637 1895  950 1931 1957
	472( 28): 1637 1895  948  507 1673
	338( 33): 1637 1897 1964 1972 1982
	152( 36): 1636 1837 1186  968 1625
	498( 36): 1637 1897 1962 1976 1983
	498( 37): 1637 1897 1964 1972 1981
	498( 39): 1637 1896 1900 1778 1983
	422( 42): 1635 1960 1985 1997 1437
	422( 42): 1636 1841 1814 1997 1437
	498( 43): 1636 1838 1906 1942 1983
	498( 45): 1636 1838 1906 1944 1963
	409( 45): 1637 1896 1904  952 1342
	498( 46): 1636 1841 1813 1912 1963
	425( 47): 1636 1840 1391  934 1530
	421( 48): 1636 1840 1391  936 1646
	498( 49): 1637 1897 1962 1977 1988
	425( 49): 1637 1895  949 1382 1255
	152( 51): 1636 1841 1816 1016 1625
	422( 51): 1636 1837 1186  967 1544
	498( 52): 1636 1838 1907 1931 1957
	202( 53): 1635 1959 1974  292  671
	498( 58): 1637 1896 1903  566 1988
	472( 33): 1637 1896 1903  567  848 1673
	498( 34): 1637 1897 1965 1416 1737 1983
	498( 39): 1637 1897 1965 1416 1738 1873
	423( 39): 1636 1837 1186  969 1078 1515
	425( 40): 1637 1895  950 1932  708 1068
	338( 41): 1637 1897 1962 1975 1972 1982
	422( 41): 1635 1959 1972 1980 1997 1437
	409( 42): 1637 1896 1903  563  529 1406
	498( 43): 1637 1895  949 1383 1828 1957
	472( 43): 1637 1899 1444 1234 1565 1839
	422( 43): 1637 1895  948  509  910 1437
	202( 44): 1637 1897 1964 1974  292  671
	498( 45): 1637 1897 1962 1975 1972 1981
	422( 45): 1637 1899 1442 1640 1997 1437
	422( 46): 1637 1897 1964 1973 1997 1437
	472( 47): 1637 1897 1965 1417 1568 1885
	498( 48): 1637 1895  950 1930 1968 1983
	338( 49): 1637 1896 1903  565 1972 1982
	498( 50): 1636 1837 1186  968 1623 1988
	498( 51): 1637 1895  949 1384 1793 1957
	498( 51): 1637 1897 1964 1971 1401 1902
	202( 51): 1637 1895  949 1384 1795  671
	498( 53): 1637 1896 1903  565 1972 1981
	498( 53): 1636 1838 1905 1916 1935 1983
	422( 53): 1636 1840 1392 1989 1997 1437
	498( 54): 1637 1897 1966  402  359  551
	498( 54): 1637 1895  948  509  909 1950
	422( 55): 1635 1960 1984 1989 1997 1437
	425( 55): 1637 1895  950 1930 1970 1346
	498( 56): 1637 1897 1962 1976 1984 1988
	422( 56): 1637 1896 1901 1989 1997 1437
	 33( 57): 1637 1895  950 1929 1337 1941
	498( 57): 1635 1960 1984 1990 1931 1957
	255( 57): 1637 1895  949 1384 1792 1925
	498( 57): 1637 1896 1903  563  531 1873
	498( 58): 1637 1896 1901 1990 1931 1957
	498( 59): 1637 1897 1966  403  852 1957
	498( 59): 1637 1896 1900 1778 1984 1988
	422( 32): 1637 1897 1964 1972 1980 1997 1437
	338( 32): 1637 1899 1444 1234 1565 1837 1183
	338( 32): 1637 1897 1965 1418  931  782 1183
	498( 33): 1636 1837 1186  968 1626 1867 1902
	498( 33): 1637 1899 1444 1234 1563 1867 1902
	498( 36): 1637 1897 1965 1418  931  780 1149
	498( 36): 1637 1896 1900 1780 1919 1931 1957
	498( 38): 1637 1897 1965 1415 1304 1778 1983
	498( 39): 1637 1899 1444 1234 1564 1931 1957
	498( 40): 1637 1895  949 1383 1829 1861 1963
	383( 40): 1637 1896 1903  567  847 1364 1498
	425( 42): 1637 1897 1965 1416 1740  708 1068
	255( 42): 1637 1897 1965 1418  931  781  816
	338( 43): 1637 1899 1444 1234 1563 1868  158
	498( 43): 1637 1899 1444 1234 1565 1841 1812
	338( 43): 1636 1837 1186  968 1626 1868  158
	423( 44): 1637 1896 1903  567  850 1078 1515
	498( 44): 1637 1895  950 1931 1958 1960 1983
	498( 44): 1637 1896 1900 1780 1918 1954 1957
421 : 105 path, hasEnd
	429( 49): 1685 1916 1936 1671 1404 1552
	429( 58): 1683 1878 1969 1978 1743 1845
	429( 61): 1683 1878 1970 1344 1609  889
	429( 46): 1685 1916 1937  437 1465 1710 1845
	130(  5): 1686
	 33( 35): 1683 1876 1941
	 33( 19): 1684 1851 1882 1941
	498( 25): 1684 1850 1870 1983
	498( 33): 1685 1916 1935 1983
	498( 36): 1683 1876 1938 1957
	 33( 38): 1683 1877 1882 1941
	498( 39): 1684 1849 1960 1983
	498( 43): 1683 1878 1968 1983
	498( 44): 1684 1850 1869 1988
	498( 49): 1684 1849 1961 1963
	425( 50): 1683 1878 1970 1346
	498( 20): 1684 1851 1882 1938 1957
	338( 22): 1684 1850 1871 1972 1982
	498( 26): 1684 1850 1871 1972 1981
	 33( 33): 1684 1851 1883  786 1225
	422( 38): 1685 1916 1933 1997 1437
	498( 39): 1683 1877 1882 1938 1957
	498( 45): 1684 1850 1870 1984 1988
	409( 45): 1685 1916 1936 1671 1406
	472( 49): 1683 1878 1967 1231 1885
	338( 49): 1684 1849 1959 1972 1982
	498( 50): 1683 1876 1939 1960 1983
	472( 50): 1683 1879  747  642 1122
	498( 50): 1683 1876 1940 1954 1957
	498( 51): 1685 1916 1934 1968 1983
	 33( 52): 1683 1877 1883  786 1225
	498( 53): 1683 1878 1969 1976 1983
	498( 53): 1684 1849 1959 1972 1981
	498( 53): 1685 1916 1935 1984 1988
	498( 56): 1684 1851 1883  783  551
	498( 57): 1683 1876 1940 1955 1988
	498( 59): 1684 1849 1960 1984 1988
	498( 60): 1683 1876 1939 1961 1963
	 33( 62): 1683 1879  748 1661 1941
	422( 25): 1684 1851 1883  784 1319 1437
	202( 33): 1684 1850 1871 1974  292  671
	498( 34): 1684 1851 1882 1939 1960 1983
	498( 34): 1684 1851 1882 1940 1954 1957
	498( 34): 1684 1851 1881 1919 1931 1957
	422( 35): 1684 1850 1871 1973 1997 1437
	422( 35): 1684 1850 1870 1985 1997 1437
	422( 36): 1684 1851 1880 1927 1997 1437
	498( 39): 1684 1851 1880 1928 1931 1957
	498( 40): 1684 1850 1871 1971 1401 1902
	498( 41): 1684 1851 1882 1940 1955 1988
	498( 42): 1684 1851 1881 1918 1954 1957
	422( 43): 1685 1916 1935 1985 1997 1437
	498( 44): 1684 1851 1882 1939 1961 1963
	422( 44): 1683 1877 1883  784 1319 1437
	 66( 46): 1683 1879  747  645   81   49
	498( 47): 1684 1851 1881 1920 1976 1983
	498( 47): 1685 1916 1936 1670 1946 1983
	338( 47): 1685 1916 1936 1671 1404 1553
	422( 47): 1684 1850 1869 1989 1997 1437
	422( 49): 1684 1849 1960 1985 1997 1437
	498( 49): 1684 1850 1869 1990 1931 1957
	498( 49): 1684 1851 1881 1918 1955 1988
	425( 52): 1685 1916 1937  436  708 1068
	498( 53): 1683 1876 1938 1958 1960 1983
	498( 53): 1683 1877 1881 1919 1931 1957
	498( 53): 1683 1877 1882 1939 1960 1983
	422( 53): 1683 1878 1968 1985 1997 1437
	498( 53): 1683 1877 1882 1940 1954 1957
	422( 55): 1683 1877 1880 1927 1997 1437
	333( 55): 1683 1879  747  641  632 1088
	498( 55): 1685 1916 1937  437 1464 1950
	409( 56): 1685 1916 1937  437 1462 1597
	338( 57): 1683 1879  747  644   58 1618
	198( 57): 1684 1851 1883  784 1321  812
	498( 58): 1683 1877 1880 1928 1931 1957
	338( 58): 1683 1878 1969 1975 1972 1982
	152( 59): 1683 1878 1967 1232 1581 1625
	498( 60): 1684 1851 1881 1920 1977 1988
	202( 60): 1684 1849 1959 1974  292  671
	338( 60): 1683 1876 1939 1959 1972 1982
	498( 60): 1683 1876 1940 1953 1968 1983
	498( 60): 1683 1877 1882 1940 1955 1988
	498( 61): 1683 1877 1881 1918 1954 1957
	338( 61): 1684 1850 1869 1987 1848 1982
	422( 62): 1684 1849 1959 1973 1997 1437
	472( 62): 1683 1879  749  980 1568 1885
	498( 62): 1683 1878 1969 1975 1972 1981
	422( 21): 1684 1850 1871 1972 1980 1997 1437
	383( 35): 1683 1879  747  645   82  601  659
	498( 37): 1684 1851 1882 1938 1958 1960 1983
	210( 37): 1683 1879  747  645   82  601  660
	409( 39): 1684 1850 1871 1971 1400 1671 1406
	498( 40): 1684 1851 1883  784 1320 1867 1902
	421( 42): 1685 1916 1937  438 1263  986  573
	498( 43): 1684 1851 1883  785 1245 1935 1983
	472( 43): 1685 1916 1937  438 1267  848 1673
	498( 44): 1684 1851 1882 1940 1953 1968 1983
	338( 44): 1684 1851 1882 1939 1959 1972 1982
	498( 45): 1685 1916 1936 1671 1404 1551 1983
	498( 47): 1684 1851 1882 1938 1958 1961 1963
	425( 47): 1684 1851 1881 1919 1932  708 1068
	498( 48): 1684 1851 1882 1939 1959 1972 1981
	422( 48): 1684 1850 1870 1984 1989 1997 1437
	422( 48): 1684 1849 1959 1972 1980 1997 1437
	422( 49): 1683 1879  749  978 1927 1997 1437
  3 : 105 path, hasEnd
	429( 38):   15  192 1404 1552
	429( 29):   13  562 1493 1801 1845
	429( 45):   12 1772  102 1223 1325 1552
	429( 45):   15  191  307 1465 1710 1845
	429( 29):   12 1772   98  167  237  336 1845
	429( 35):   12 1772  101  383 1671 1404 1552
	429( 42):   12 1770 1971 1400 1671 1404 1552
	429( 43):   12 1772  102 1222 1120  964 1651
	429( 47):   12 1770 1972 1980 1999 1743 1845
	429( 47):   12 1771   96  742  934 1532 1845
	429( 32):   12 1772  100  184  346  237  336 1845
	429( 42):   12 1772  100  185  268  971 1801 1845
	429( 43):   12 1771   94   98  167  237  336 1845
	429( 46):   15  190  292  672 1391  934 1532 1845
	429( 50):   12 1772   98  167  236  334 1632 1845
	429( 53):   12 1772  100  185  264  526 1404 1552
	429( 42):   12 1772  100  183  258  508 1282 1731 1845
	429( 45):   12 1770 1974  292  672 1391  934 1532 1845
	429( 46):   12 1771   94  100  184  346  237  336 1845
	472( 24):   12 1768
	383( 29):   14 1196 1498
	409( 34):   15  192 1406
	383( 38):   13  560  624
	338( 43):   13  561 1898
	 33( 15):   12 1772  102 1225
	338( 21):   12 1770 1972 1982
	498( 25):   12 1770 1972 1981
	498( 26):   16 1762 1796 1983
	338( 32):   16 1761 1848 1982
	472( 32):   16 1762 1797 1885
	202( 33):   15  190  292  671
	409( 35):   16 1763  952 1342
	 33( 36):   12 1769 1876 1941
	498( 36):   16 1761 1848 1981
	338( 36):   15  192 1404 1553
	498( 37):   16 1760 1960 1983
	 66( 39):   15  191  306 1759
	498( 40):   13  561 1897 1963
	498( 45):   13  561 1896 1902
	383( 45):   15  192 1403  886
	338( 45):   15  191  305  350
	498( 47):   14 1196 1501  551
	498( 47):   16 1760 1961 1963
	 33( 29):   12 1771   94  102 1225
	202( 32):   12 1770 1974  292  671
	498( 32):   16 1762 1798 1870 1983
	498( 34):   15  192 1404 1551 1983
	422( 34):   12 1770 1973 1997 1437
	422( 36):   13  562 1494  844 1437
	498( 37):   12 1769 1876 1938 1957
	498( 39):   16 1761 1847 1942 1983
	498( 39):   12 1770 1971 1401 1902
	 33( 39):   12 1769 1877 1882 1941
	338( 40):   12 1771   97 1144 1982
	498( 41):   16 1761 1847 1944 1963
	 66( 42):   12 1771   97 1146 1759
	498( 44):   12 1771   97 1144 1981
	383( 44):   12 1772   99  173 1498
	498( 44):   12 1769 1878 1968 1983
	 33( 44):   14 1197 1854 1882 1941
	498( 46):   16 1762 1796 1984 1988
	472( 46):   12 1772   99  172  903
	421( 47):   12 1771   95  576  955
	409( 47):   16 1762 1799  952 1342
	338( 47):   16 1760 1959 1972 1982
	472( 47):   13  560  623  848 1673
	422( 20):   12 1770 1972 1980 1997 1437
	202( 29):   12 1772   98  167  239 1113
	338( 29):   16 1762 1798 1871 1972 1982
	338( 30):   12 1772  100  183  259 1183
	409( 31):   12 1772  101  383 1671 1406
	422( 31):   16 1761 1848 1980 1997 1437
	472( 32):   12 1772  102 1222 1116 1122
	498( 33):   16 1762 1798 1871 1972 1981
	202( 35):   12 1772   98  168  292  671
	422( 36):   16 1762 1796 1985 1997 1437
	202( 37):   12 1771   97 1145 1461  671
	202( 38):   12 1772  102 1224 1461  671
	498( 38):   12 1772   98  167  239 1114
	409( 38):   12 1770 1971 1400 1671 1406
	498( 40):   12 1769 1877 1882 1938 1957
	338( 41):   12 1771   97 1145 1459 1982
	498( 42):   12 1772  102 1222 1118 1873
	338( 42):   12 1772  102 1224 1459 1982
	 33( 42):   16 1763  953 1052 1455 1941
	255( 43):   12 1772  100  184  345 1925
	338( 43):   12 1772  102 1223 1325 1553
	472( 43):   12 1771   95  576  957 1885
	498( 43):   13  562 1491 1892 1935 1983
	423( 44):   12 1772  101  380 1078 1515
	498( 45):   12 1771   97 1145 1459 1981
	498( 45):   16 1763  953 1053 1954 1957
	498( 45):   14 1197 1854 1882 1938 1957
	498( 45):   13  562 1492 1916 1935 1983
	102( 46):   12 1772  100  183  257  393
	498( 46):   12 1772  102 1224 1459 1981
	422( 47):   16 1760 1960 1985 1997 1437
	498( 48):   16 1761 1846 1270 1401 1902
	498( 48):   13  562 1493 1802 1954 1957
	421( 57):   12 1772   98  169 1140 1646
	498( 28):   12 1772  100  185  266 1106 1902
	202( 32):   12 1772  100  184  346  239 1113
	498( 33):   12 1772  101  383 1670 1946 1983
	338( 33):   12 1772  101  383 1671 1404 1553
	422( 34):   12 1772   98  167  238 1319 1437
 42 : 105 path, hasEnd
	429( 39):  179 1256 1508 1609  889
	429( 42):  177  591  690 1370 1801 1845
	429( 43):  179 1254 1292 1508 1609  889
	429( 47):  177  592 1969 1978 1743 1845
	429( 50):  177  592 1970 1344 1609  889
	429( 52):  177  593  681 1579 1325 1552
	429( 42):  176 1813 1914 1304 1779 1801 1845
	429( 50):  179 1253 1549  204 1714 1731 1845
	429( 52):  177  594 1884 1256 1508 1609  889
	429( 57):  177  593  683  349  550 1325 1552
	429( 58):  177  593  680 1511 1671 1404 1552
	429( 48):  177  593  682  813 1900 1779 1801 1845
	429( 50):  179 1253 1547 1559 1951  825 1710 1845
	409( 15):  175
	425( 26):  179 1255
	498( 29):  176 1812
	472( 16):  177  594 1885
	498( 30):  176 1813 1910
	198( 42):  176 1815  218
	333( 47):  178  632 1088
	202( 48):  176 1815  219
	498( 32):  177  592 1968 1983
	198( 33):  177  593  682  812
	338( 36):  177  593  683  350
	422( 37):  176 1814 1997 1437
	425( 39):  177  594 1884 1255
	425( 39):  177  592 1970 1346
	498( 41):  176 1813 1912 1963
	152( 46):  176 1816 1016 1625
	338( 49):  178  635 1091 1183
	498( 29):  179 1253 1548 1954 1957
	152( 31):  177  593  681 1581 1625
	498( 34):  177  593  682  813 1902
	498( 36):  179 1253 1548 1955 1988
	472( 38):  177  592 1967 1231 1885
	422( 39):  177  591  688  844 1437
	498( 39):  178  633 1245 1935 1983
	383( 39):  178  631 1394 1470 1498
	498( 39):  178  631 1394 1472 1812
	422( 41):  178  631 1395 1997 1437
	498( 42):  177  592 1969 1976 1983
	498( 44):  177  593  683  349  551
	409( 46):  179 1253 1546  946 1576
	498( 47):  179 1253 1547 1559 1950
	498( 48):  179 1254 1294  229 1612
	498( 49):  179 1254 1291 1897 1963
	498( 53):  177  594 1886 1893 1910
	421( 54):  177  594 1886 1894 1646
	425( 57):  177  593  680 1512 1656
	383( 34):  177  591  689 1394 1470 1498
	498( 34):  177  591  689 1394 1472 1812
	422( 36):  177  591  689 1395 1997 1437
	498( 39):  179 1253 1548 1953 1968 1983
	498( 40):  177  594 1886 1892 1935 1983
	498( 40):  178  631 1394 1472 1813 1910
	498( 41):  179 1253 1547 1562 1870 1983
	422( 42):  177  592 1968 1985 1997 1437
	498( 43):  176 1816 1016 1626 1867 1902
	422( 44):  178  633 1245 1933 1997 1437
	498( 44):  176 1813 1914 1304 1778 1983
	498( 45):  177  593  681 1581 1623 1988
	425( 46):  179 1253 1548 1953 1970 1346
	498( 46):  177  593  681 1583  359  551
	422( 47):  178  631 1394 1473 1319 1437
	338( 47):  177  592 1969 1975 1972 1982
	498( 47):  177  593  683  348  723 1988
	152( 48):  177  592 1967 1232 1581 1625
	498( 48):  179 1253 1547 1560 1852 1902
	338( 49):  178  631 1394 1474  619 1183
	498( 49):  177  593  681 1582 1423  892
	338( 50):  177  593  681 1579 1325 1553
	425( 51):  177  591  689 1396 1512 1656
	409( 54):  177  593  680 1511 1671 1406
	425( 54):  177  591  688  846 1034 1068
	498( 55):  177  593  681 1580 1828 1957
	498( 64):  177  594 1886 1893 1912 1963
	338( 65):  177  594 1884 1254 1291 1898
	498( 28):  177  593  681 1581 1626 1867 1902
	498( 31):  177  593  682  814 1619 1867 1902
	498( 35):  177  591  689 1394 1472 1813 1910
	338( 38):  177  593  681 1581 1626 1868  158
	338( 38):  179 1253 1547 1562 1871 1972 1982
	422( 39):  179 1253 1548 1955 1989 1997 1437
	338( 41):  177  593  682  814 1619 1868  158
	498( 41):  179 1253 1548 1955 1990 1931 1957
	 33( 41):  179 1253 1547 1560 1854 1882 1941
	498( 41):  176 1813 1913 1834 1916 1935 1983
	422( 42):  177  591  689 1394 1473 1319 1437
	498( 42):  177  594 1884 1253 1548 1954 1957
	498( 42):  179 1253 1547 1562 1871 1972 1981
	472( 43):  179 1253 1546  946 1578  848 1673
	383( 43):  179 1253 1549  203 1394 1470 1498
	498( 43):  179 1253 1549  203 1394 1472 1812
	338( 44):  177  591  689 1394 1474  619 1183
	422( 45):  177  594 1886 1892 1933 1997 1437
	422( 45):  179 1253 1549  203 1395 1997 1437
	472( 45):  179 1253 1548 1953 1967 1231 1885
	498( 46):  179 1253 1548 1954 1958 1960 1983
	198( 47):  177  591  689 1394 1472 1815  218
	422( 47):  178  631 1394 1472 1814 1997 1437
	338( 48):  177  593  681 1581 1626 1866 1898
	409( 48):  177  591  689 1396 1511 1671 1406
	498( 48):  177  593  681 1579 1325 1551 1983
	498( 49):  177  594 1884 1253 1548 1955 1988
	498( 49):  179 1253 1548 1953 1969 1976 1983
210 : 105 path, hasEnd
	429( 22):  838  885 1404 1552
	429( 38):  836  927 1671 1404 1552
	429( 54):  836  928 1400 1671 1404 1552
	429( 36):  837 1570 1861 1962 1978 1743 1845
	429( 44):  837 1570 1860 1414 1567 1731 1845
	429( 50):  837 1572 1831  508 1282 1731 1845
	429( 51):  838  883  898 1425 1567 1731 1845
	429( 52):  838  884 1349 1824 1852 1900 1779 1801 1845
	429( 52):  838  884 1348  682  813 1900 1779 1801 1845
	429( 54):  838  884 1348  683  348  724  404 1493 1801 1845
	429( 54):  838  882  656  968 1626 1867 1900 1779 1801 1845
	429( 46):  838  884 1348  681 1581 1626 1867 1900 1779 1801 1845
	429( 49):  838  884 1348  682  814 1619 1867 1900 1779 1801 1845
	429( 53):  838  884 1349 1822 1926 1211 1445 1292 1508 1609  889
	383( 12):  837 1573
	383( 21):  838  886
	409( 18):  838  885 1406
	472( 29):  836  930 1885
	425( 37):  839 1706 1068
	498( 13):  837 1570 1861 1963
	338( 20):  838  885 1404 1553
	 33( 26):  837 1570 1862 1941
	409( 34):  836  927 1671 1406
	498( 37):  837 1572 1828 1957
	472( 38):  836  929  798 1673
	383( 43):  836  929  799 1573
	338( 50):  839 1708 1848 1982
	498( 51):  836  928 1401 1902
	425( 52):  836  930 1884 1255
	498( 54):  839 1708 1848 1981
	498( 18):  838  885 1404 1551 1983
	498( 27):  837 1570 1862 1938 1957
	338( 29):  837 1574  931  782 1183
	498( 33):  837 1574  931  780 1149
	498( 34):  837 1572 1829 1861 1963
	498( 34):  837 1570 1860 1413 1963
	338( 36):  836  927 1671 1404 1553
	498( 36):  836  927 1670 1946 1983
	198( 37):  838  884 1348  682  812
	498( 38):  839 1706 1069 1954 1957
	255( 39):  837 1574  931  781  816
	338( 40):  838  884 1348  683  350
	498( 41):  837 1572 1830 1852 1902
	498( 41):  838  883  898 1423  892
	498( 41):  839 1707 1762 1796 1983
	472( 42):  837 1572 1831  507 1673
	498( 43):  837 1571 1824 1852 1902
	152( 43):  838  882  656  968 1625
	498( 44):  838  884 1350 1942 1983
	498( 45):  839 1706 1069 1955 1988
	383( 45):  836  927 1671 1403  886
	498( 46):  838  884 1350 1944 1963
	498( 47):  837 1571 1823 1946 1983
	 33( 47):  837 1572 1829 1862 1941
	472( 47):  839 1707 1762 1797 1885
	338( 47):  839 1707 1761 1848 1982
	338( 48):  837 1572 1830 1856  350
	498( 49):  836  927 1669 1852 1902
	338( 50):  837 1571 1824 1856  350
	409( 50):  836  928 1400 1671 1406
	409( 50):  839 1707 1763  952 1342
	498( 51):  839 1707 1761 1848 1981
	338( 52):  837 1572 1830 1853 1898
	498( 52):  838  882  657  723 1988
	338( 52):  838  884 1351  484  428
	498( 52):  839 1707 1760 1960 1983
	338( 54):  837 1571 1824 1853 1898
	338( 28):  837 1570 1861 1964 1972 1982
	498( 30):  837 1571 1822 1928 1931 1957
	338( 30):  837 1570 1863  183  259 1183
	498( 31):  837 1570 1861 1962 1976 1983
	498( 32):  837 1570 1861 1964 1972 1981
	498( 34):  836  927 1671 1404 1551 1983
	 33( 34):  837 1572 1830 1854 1882 1941
	152( 35):  838  884 1348  681 1581 1625
	 33( 36):  837 1571 1824 1854 1882 1941
	498( 37):  838  885 1405 1788 1796 1983
	498( 38):  838  885 1404 1551 1984 1988
	498( 38):  838  884 1349 1824 1852 1902
	498( 38):  838  884 1348  682  813 1902
	498( 41):  837 1570 1862 1940 1954 1957
	498( 41):  837 1570 1862 1939 1960 1983
	 33( 42):  836  927 1669 1854 1882 1941
	498( 42):  838  884 1349 1823 1946 1983
	255( 43):  837 1570 1863  184  345 1925
	498( 43):  836  927 1670 1945 1960 1983
	472( 43):  838  885 1405 1788 1797 1885
	498( 43):  836  927 1670 1947 1954 1957
	338( 43):  836  926 1310  277  259 1183
	498( 44):  836  929  799 1570 1861 1963
	472( 44):  837 1570 1860 1414 1568 1885
	498( 44):  837 1570 1861 1962 1977 1988
	338( 45):  838  884 1349 1824 1856  350
	498( 45):  838  883  898 1424 1954 1957
	102( 46):  837 1570 1863  183  257  393
	498( 47):  839 1707 1762 1798 1870 1983
	498( 48):  837 1572 1829 1862 1938 1957
	498( 48):  837 1570 1862 1940 1955 1988
	498( 48):  837 1570 1864   66 1374 1873
	498( 48):  839 1706 1069 1953 1968 1983
	498( 48):  838  884 1348  683  349  551
	192( 48):  837 1574  931  779 1160 1258
	498( 49):  837 1572 1830 1853 1897 1963
	210( 49):  838  885 1404 1550  962  462
	338( 49):  838  884 1349 1824 1853 1898
333 : 105 path, hasEnd
	429( 29): 1332 1743 1845
	429( 34): 1332 1742 1779 1801 1845
	429( 53): 1334 1865 1508 1609  889
	429( 39): 1334 1867 1900 1779 1801 1845
	429( 58): 1333 1822 1927 1999 1743 1845
	429( 48): 1334 1867 1903  563  529 1404 1552
	429( 55): 1331 1078 1513 1304 1779 1801 1845
	429( 57): 1333 1822 1928 1931 1956 1282 1731 1845
	429( 60): 1334 1866 1895  948  508 1282 1731 1845
	429( 60): 1334 1866 1897 1965 1415 1304 1779 1801 1845
	498( 25): 1334 1867 1902
	423( 31): 1331 1078 1515
	338( 35): 1334 1868  158
	338( 45): 1334 1866 1898
	498( 36): 1332 1742 1778 1983
	498( 41): 1332 1741 1960 1983
	498( 42): 1334 1866 1897 1963
	498( 47): 1334 1866 1896 1902
	498( 47): 1333 1824 1852 1902
	498( 51): 1332 1741 1961 1963
	423( 51): 1331 1076  789 1484
	498( 51): 1333 1823 1946 1983
	338( 54): 1333 1824 1856  350
	498( 55): 1334 1867 1901 1988
	338( 58): 1333 1824 1853 1898
	422( 31): 1333 1822 1927 1997 1437
	498( 34): 1333 1822 1928 1931 1957
	 33( 40): 1333 1824 1854 1882 1941
	498( 41): 1334 1867 1900 1778 1983
	338( 42): 1332 1743 1843 1972 1982
	498( 46): 1332 1743 1843 1972 1981
	409( 47): 1334 1867 1904  952 1342
	338( 51): 1332 1741 1959 1972 1982
	425( 53): 1334 1868  157 1166 1346
	498( 55): 1332 1741 1959 1972 1981
	498( 55): 1333 1824 1853 1897 1963
	498( 56): 1332 1742 1778 1984 1988
	425( 57): 1333 1824 1855  708 1068
	338( 58): 1331 1078 1516  570 1982
	498( 58): 1332 1743 1842 1828 1957
	498( 58): 1333 1823 1945 1960 1983
	498( 58): 1333 1823 1947 1954 1957
	 33( 59): 1332 1743 1844 1876 1941
	338( 60): 1332 1742 1781  874 1009
	498( 60): 1334 1867 1903  566 1988
	498( 60): 1333 1824 1853 1896 1902
	498( 61): 1332 1741 1960 1984 1988
	498( 62): 1331 1077 1104 1737 1983
	498( 62): 1331 1078 1516  570 1981
	498( 67): 1331 1077 1104 1738 1873
	 33( 67): 1331 1077 1102 1661 1941
	338( 70): 1331 1077 1103 1775 1982
	498( 70): 1331 1077 1103 1774 1963
	498( 33): 1332 1742 1780 1919 1931 1957
	472( 35): 1334 1867 1903  567  848 1673
	498( 41): 1333 1824 1854 1882 1938 1957
	498( 41): 1332 1742 1780 1918 1954 1957
	409( 44): 1334 1867 1903  563  529 1406
	498( 45): 1331 1078 1514 1619 1867 1902
	422( 46): 1332 1742 1778 1985 1997 1437
	498( 46): 1332 1742 1780 1920 1976 1983
	425( 47): 1333 1822 1928 1932  708 1068
	498( 48): 1332 1742 1780 1918 1955 1988
	472( 49): 1333 1822 1926 1211 1446 1673
	338( 51): 1334 1867 1903  565 1972 1982
	498( 51): 1334 1866 1895  950 1931 1957
	422( 51): 1332 1741 1960 1985 1997 1437
	338( 51): 1332 1742 1781  874 1010 1982
	472( 52): 1334 1866 1895  948  507 1673
	498( 53): 1332 1742 1779 1802 1954 1957
	202( 53): 1332 1743 1843 1974  292  671
	 33( 54): 1333 1824 1854 1883  786 1225
	498( 55): 1332 1742 1781  874 1010 1981
	498( 55): 1334 1867 1903  565 1972 1981
	498( 55): 1332 1743 1842 1829 1861 1963
	338( 55): 1331 1078 1514 1619 1868  158
	422( 55): 1332 1743 1843 1973 1997 1437
	498( 55): 1333 1822 1928 1930 1968 1983
	338( 57): 1334 1866 1897 1964 1972 1982
	498( 57): 1331 1078 1513 1304 1778 1983
	422( 58): 1334 1867 1901 1989 1997 1437
	498( 59): 1332 1742 1780 1920 1977 1988
	498( 59): 1334 1867 1903  563  531 1873
	498( 60): 1334 1867 1901 1990 1931 1957
	498( 60): 1334 1866 1897 1962 1976 1983
	498( 60): 1332 1743 1843 1971 1401 1902
	498( 60): 1332 1743 1844 1876 1938 1957
	498( 60): 1332 1742 1779 1802 1955 1988
	422( 61): 1331 1076  791 1640 1997 1437
	498( 61): 1334 1867 1900 1778 1984 1988
	 33( 62): 1332 1743 1844 1877 1882 1941
	202( 62): 1332 1741 1959 1974  292  671
	498( 62): 1332 1743 1842 1830 1852 1902
	498( 63): 1332 1742 1779 1803 1942 1983
	472( 63): 1332 1743 1842 1831  507 1673
	422( 64): 1332 1741 1959 1973 1997 1437
	498( 65): 1332 1742 1781  876 1960 1983
	338( 65): 1334 1867 1900 1781  874 1009
	338( 65): 1331 1078 1514 1619 1866 1898
	498( 65): 1331 1078 1514 1620 1954 1957
	498( 65): 1332 1742 1779 1803 1944 1963
	338( 66): 1332 1741 1961 1964 1972 1982
	498( 67): 1332 1743 1844 1878 1968 1983
	498( 67): 1331 1078 1516  569 1942 1983
	498( 68): 1331 1077 1102 1661 1938 1957
423 : 105 path, hasEnd
	429( 55): 1694 1733 1786  772  889
	429( 56): 1694 1734 1908  772  889
	429( 58): 1693 1871 1971 1402 1436 1651
	429( 46): 1693 1871 1971 1400 1671 1404 1552
	429( 51): 1693 1871 1972 1980 1999 1743 1845
	429( 62): 1694 1733 1783 1810 1671 1404 1552
	338( 19): 1692 1183
	498( 28): 1693 1870 1983
	498( 47): 1693 1869 1988
	338( 25): 1693 1871 1972 1982
	498( 29): 1693 1871 1972 1981
	152( 32): 1692 1186  968 1625
	498( 33): 1695 1919 1931 1957
	498( 41): 1695 1918 1954 1957
	498( 46): 1695 1920 1976 1983
	422( 47): 1692 1186  967 1544
	498( 48): 1693 1870 1984 1988
	498( 48): 1695 1918 1955 1988
	498( 53): 1694 1735 1852 1902
	338( 60): 1694 1735 1856  350
	338( 64): 1694 1735 1853 1898
	423( 35): 1692 1186  969 1078 1515
	202( 36): 1693 1871 1974  292  671
	422( 38): 1693 1870 1985 1997 1437
	422( 38): 1693 1871 1973 1997 1437
	498( 43): 1694 1734 1906 1942 1983
	498( 43): 1693 1871 1971 1401 1902
	498( 45): 1694 1734 1906 1944 1963
	425( 46): 1695 1919 1932  708 1068
	498( 46): 1692 1186  968 1623 1988
	 33( 46): 1694 1735 1854 1882 1941
	422( 50): 1693 1869 1989 1997 1437
	498( 52): 1694 1734 1907 1931 1957
	498( 52): 1693 1869 1990 1931 1957
	472( 55): 1694 1733 1783 1809 1885
	498( 61): 1694 1734 1906 1943 1950
	498( 61): 1694 1735 1853 1897 1963
	425( 63): 1694 1735 1855  708 1068
	338( 64): 1693 1869 1987 1848 1982
	422( 24): 1693 1871 1972 1980 1997 1437
	498( 29): 1692 1186  968 1626 1867 1902
	338( 39): 1692 1186  968 1626 1868  158
	409( 42): 1693 1871 1971 1400 1671 1406
	498( 47): 1694 1735 1854 1882 1938 1957
	383( 48): 1692 1186  970 1051 1364 1498
	338( 49): 1692 1186  968 1626 1866 1898
	498( 49): 1692 1186  970 1050 1240 1988
	498( 50): 1695 1919 1931 1958 1960 1983
	422( 51): 1693 1870 1984 1989 1997 1437
	498( 53): 1693 1870 1984 1990 1931 1957
	498( 53): 1694 1734 1905 1916 1935 1983
	409( 58): 1694 1733 1783 1810 1671 1406
	 33( 60): 1694 1735 1854 1883  786 1225
	498( 60): 1694 1733 1786  773 1935 1983
	498( 61): 1694 1733 1785   66 1374 1873
	498( 61): 1694 1734 1908  773 1935 1983
	498( 61): 1694 1733 1784 1906 1942 1983
	338( 62): 1693 1871 1972 1979 1291 1898
	498( 63): 1694 1734 1906 1942 1984 1988
	498( 63): 1694 1733 1784 1906 1944 1963
	383( 41): 1693 1871 1971 1399 1394 1470 1498
	498( 41): 1693 1871 1971 1399 1394 1472 1812
	498( 41): 1692 1186  968 1624 1892 1935 1983
	422( 43): 1693 1871 1971 1399 1395 1997 1437
	338( 44): 1693 1871 1971 1400 1671 1404 1553
	498( 44): 1693 1871 1971 1400 1670 1946 1983
	498( 46): 1692 1186  968 1626 1866 1897 1963
	202( 47): 1694 1733 1785   64   75  331 1113
	498( 47): 1695 1919 1932  708 1069 1954 1957
	498( 48): 1695 1919 1932  710 1128 1968 1983
	422( 49): 1692 1186  968 1623 1989 1997 1437
	338( 49): 1695 1919 1932  710 1127 1972 1982
	422( 50): 1695 1920 1975 1972 1980 1997 1437
	422( 52): 1694 1735 1854 1883  784 1319 1437
	422( 53): 1694 1734 1906 1942 1985 1997 1437
	383( 53): 1693 1871 1974  290 1051 1364 1498
	383( 53): 1693 1871 1971 1400 1671 1403  886
	498( 54): 1693 1871 1974  290 1050 1240 1988
	498( 54): 1692 1186  968 1622 1207  820 1149
	498( 55): 1693 1871 1974  292  672 1392 1988
	498( 56): 1694 1733 1785   64   75  331 1114
	202( 57): 1693 1871 1972 1980 1995 1271 1190
	498( 57): 1693 1871 1971 1400 1669 1852 1902
	498( 58): 1693 1871 1972 1979 1294  229 1612
	498( 58): 1693 1871 1973 1997 1438 1737 1983
	422( 58): 1694 1734 1905 1916 1933 1997 1437
	152( 58): 1693 1871 1974  291  656  968 1625
	425( 58): 1693 1871 1971 1399 1396 1512 1656
	425( 59): 1694 1733 1785   64   72  446 1346
	383( 59): 1693 1871 1974  290 1051 1363 1538
	498( 59): 1693 1871 1971 1401 1900 1778 1983
	498( 59): 1693 1871 1972 1979 1291 1897 1963
	498( 60): 1694 1733 1783 1810 1670 1946 1983
	338( 60): 1694 1734 1906 1944 1964 1972 1982
	338( 60): 1694 1733 1783 1810 1671 1404 1553
	498( 61): 1694 1735 1854 1881 1919 1931 1957
	498( 61): 1694 1735 1854 1882 1939 1960 1983
	498( 61): 1694 1735 1854 1882 1940 1954 1957
	383( 62): 1694 1733 1785   67  460  601  659
	472( 63): 1694 1735 1852 1903  567  848 1673
	498( 63): 1693 1870 1985 1997 1438 1738 1873
	422( 63): 1693 1869 1987 1848 1980 1997 1437
	498( 63): 1693 1871 1973 1997 1438 1738 1873
	498( 63): 1694 1734 1906 1944 1962 1976 1983
	422( 63): 1694 1735 1854 1880 1927 1997 1437
202 : 105 path, hasEnd
	429( 21):  809  562 1493 1801 1845
	429( 42):  811  843 1344 1609  889
	429( 52):  811  841 1579 1325 1552
	429( 38):  810 1044 1220 1327 1508 1609  889
	383( 30):  809  560  624
	425( 31):  811  843 1346
	338( 35):  809  561 1898
	498( 25):  811  842 1870 1983
	152( 31):  811  841 1581 1625
	498( 32):  809  561 1897 1963
	498( 37):  809  561 1896 1902
	472( 41):  809  560  625 1673
	498( 43):  810 1041 1374 1873
	498( 44):  811  842 1869 1988
	498( 45):  810 1043 1774 1963
	338( 45):  810 1043 1775 1982
	498( 49):  810 1043 1775 1981
	338( 22):  811  842 1871 1972 1982
	498( 26):  811  842 1871 1972 1981
	422( 28):  809  562 1494  844 1437
	472( 39):  809  560  623  848 1673
	498( 44):  810 1044 1218  858 1902
	498( 45):  811  842 1870 1984 1988
	498( 45):  811  841 1581 1623 1988
	498( 46):  811  841 1583  359  551
	425( 46):  810 1044 1221  477 1068
	383( 47):  810 1041 1375 1138  659
	498( 48):  809  562 1491 1893 1910
	498( 49):  811  841 1582 1423  892
	210( 49):  810 1041 1375 1138  660
	421( 49):  809  562 1491 1894 1646
	338( 50):  811  841 1579 1325 1553
	498( 50):  811  843 1347  222 1812
	498( 51):  810 1043 1773 1007  604
	 42( 51):  809  561 1899 1443  143
	498( 51):  810 1041 1373 1559 1950
	198( 52):  810 1044 1220 1330  812
	498( 28):  811  841 1581 1626 1867 1902
	202( 33):  811  842 1871 1974  292  671
	422( 35):  811  842 1871 1973 1997 1437
	422( 35):  811  842 1870 1985 1997 1437
	498( 35):  809  562 1491 1892 1935 1983
	498( 37):  809  562 1492 1916 1935 1983
	338( 38):  811  841 1581 1626 1868  158
	498( 40):  811  842 1871 1971 1401 1902
	498( 40):  809  562 1493 1802 1954 1957
	498( 41):  809  561 1895  950 1931 1957
	472( 42):  809  561 1895  948  507 1673
	425( 43):  809  562 1494  846 1034 1068
	422( 44):  810 1043 1775 1980 1997 1437
	338( 44):  810 1043 1773 1006 1972 1982
	498( 45):  810 1041 1373 1562 1870 1983
	498( 45):  810 1044 1219 1245 1935 1983
	422( 46):  811  843 1347  221 1319 1437
	 33( 46):  810 1042 1804 1854 1882 1941
	338( 47):  809  561 1897 1964 1972 1982
	422( 47):  811  842 1869 1989 1997 1437
	498( 47):  809  562 1493 1802 1955 1988
	192( 47):  810 1043 1773 1007  605  804
	338( 48):  811  841 1581 1626 1866 1898
	498( 48):  811  841 1579 1325 1551 1983
	498( 48):  810 1043 1773 1006 1972 1981
	 33( 48):  811  840  717 1851 1882 1941
	498( 49):  811  842 1869 1990 1931 1957
	498( 50):  809  562 1493 1803 1942 1983
	498( 50):  809  561 1897 1962 1976 1983
	498( 50):  810 1041 1372  842 1870 1983
	498( 50):  810 1043 1773 1005 1401 1902
	498( 51):  811  843 1347  222 1813 1910
	498( 51):  809  561 1897 1964 1972 1981
	498( 52):  809  562 1493 1803 1944 1963
	498( 52):  810 1041 1373 1560 1852 1902
	498( 52):  811  841 1580 1829 1861 1963
	 33( 52):  811  841 1583  362 1455 1941
	422( 21):  811  842 1871 1972 1980 1997 1437
	338( 34):  809  562 1493 1801 1843 1972 1982
	498( 38):  809  562 1493 1801 1843 1972 1981
	409( 39):  811  842 1871 1971 1400 1671 1406
	422( 40):  809  562 1491 1892 1933 1997 1437
	498( 40):  811  841 1581 1624 1892 1935 1983
	421( 41):  809  562 1494  846 1035 1152  647
	422( 42):  809  562 1492 1916 1933 1997 1437
	338( 42):  810 1041 1373 1562 1871 1972 1982
	338( 42):  809  562 1494  846 1032  619 1183
	498( 45):  809  562 1491 1891 1919 1931 1957
	 33( 45):  810 1041 1373 1560 1854 1882 1941
	 33( 45):  810 1041 1374 1875 1275 1882 1941
	498( 45):  811  841 1581 1626 1866 1897 1963
	498( 46):  810 1041 1373 1562 1871 1972 1981
	338( 47):  809  562 1494  846 1035 1153 1183
	472( 47):  809  561 1896 1903  567  848 1673
	498( 47):  810 1044 1221  477 1069 1954 1957
	338( 47):  810 1041 1372  842 1871 1972 1982
	409( 47):  809  562 1491 1892 1936 1671 1406
	498( 47):  810 1042 1804 1854 1882 1938 1957
	498( 48):  809  562 1494  844 1438 1737 1983
	422( 48):  811  841 1581 1623 1989 1997 1437
	422( 48):  811  842 1870 1984 1989 1997 1437
	498( 48):  809  561 1897 1965 1416 1737 1983
	 33( 49):  809  562 1494  846 1033 1386 1941
	498( 49):  811  840  717 1851 1882 1938 1957
	409( 49):  810 1043 1773 1005 1400 1671 1406
	409( 49):  809  562 1492 1916 1936 1671 1406
	498( 50):  811  841 1581 1623 1990 1931 1957
	498( 50):  810 1044 1220 1329 1892 1935 1983
425 : 105 path, hasEnd
	429( 35): 1704   70  233 1710 1845
	429( 45): 1704   69  113  211  889
	429( 51): 1703 1971 1402 1436 1651
	429( 39): 1703 1971 1400 1671 1404 1552
	429( 44): 1703 1972 1980 1999 1743 1845
	429( 49): 1705   34 1101   42   52  889
	429( 39): 1705   34 1100  261  233 1710 1845
	429( 46): 1703 1972 1979 1292 1508 1609  889
	429( 50): 1703 1971 1401 1900 1779 1801 1845
	429( 42): 1703 1974  292  672 1391  934 1532 1845
	  3( 27): 1705   32
	338( 18): 1703 1972 1982
	498( 22): 1703 1972 1981
	498( 25): 1702 1960 1983
	498( 35): 1702 1961 1963
	202( 29): 1703 1974  292  671
	 33( 29): 1701 1851 1882 1941
	422( 31): 1703 1973 1997 1437
	338( 35): 1702 1959 1972 1982
	498( 35): 1701 1850 1870 1983
	498( 36): 1703 1971 1401 1902
	498( 39): 1702 1959 1972 1981
	338( 42): 1705   33   58 1618
	498( 45): 1702 1960 1984 1988
	422( 17): 1703 1972 1980 1997 1437
	498( 30): 1701 1851 1882 1938 1957
	338( 32): 1701 1850 1871 1972 1982
	423( 34): 1704   70  231 1280 1484
	409( 35): 1703 1971 1400 1671 1406
	422( 35): 1702 1960 1985 1997 1437
	338( 36): 1705   33   57  782 1183
	498( 36): 1701 1850 1871 1972 1981
	498( 40): 1705   33   57  780 1149
	338( 43): 1704   69  113  212 1183
	 33( 43): 1701 1851 1883  786 1225
	255( 46): 1705   33   57  781  816
	202( 46): 1702 1959 1974  292  671
	425( 51): 1705   33   58 1616 1656
	338( 53): 1705   34 1099 1680 1009
	202( 54): 1705   33   55   93  671
	338( 55): 1703 1972 1979 1291 1898
	498( 25): 1705   34 1099 1682 1867 1902
	498( 34): 1703 1971 1399 1394 1472 1812
	422( 34): 1702 1959 1972 1980 1997 1437
	383( 34): 1703 1971 1399 1394 1470 1498
	338( 35): 1705   34 1099 1682 1868  158
	422( 35): 1701 1851 1883  784 1319 1437
	422( 36): 1703 1971 1399 1395 1997 1437
	498( 37): 1703 1971 1400 1670 1946 1983
	338( 37): 1703 1971 1400 1671 1404 1553
	498( 43): 1705   34 1097 1788 1796 1983
	202( 43): 1701 1850 1871 1974  292  671
	338( 44): 1705   34 1099 1680 1010 1982
	498( 44): 1701 1851 1882 1940 1954 1957
	498( 44): 1701 1851 1881 1919 1931 1957
	498( 44): 1701 1851 1882 1939 1960 1983
	338( 45): 1705   34 1099 1682 1866 1898
	422( 45): 1701 1850 1870 1985 1997 1437
	422( 45): 1701 1850 1871 1973 1997 1437
	383( 46): 1703 1971 1400 1671 1403  886
	422( 46): 1701 1851 1880 1927 1997 1437
	383( 46): 1703 1974  290 1051 1364 1498
	498( 47): 1703 1974  290 1050 1240 1988
	498( 48): 1705   34 1099 1680 1010 1981
	498( 48): 1703 1974  292  672 1392 1988
	498( 48): 1705   33   58 1617 1737 1983
	498( 48): 1705   33   56 1095 1935 1983
	472( 49): 1705   34 1097 1788 1797 1885
	498( 50): 1703 1971 1400 1669 1852 1902
	202( 50): 1703 1972 1980 1995 1271 1190
	498( 51): 1703 1972 1979 1294  229 1612
	425( 51): 1703 1971 1399 1396 1512 1656
	498( 51): 1705   34 1101   43 1954 1957
	498( 52): 1703 1972 1979 1291 1897 1963
	498( 52): 1703 1971 1401 1900 1778 1983
	498( 53): 1705   33   58 1617 1738 1873
	498( 53): 1705   33   56 1094 1170 1963
	192( 55): 1705   33   57  779 1160 1258
	 66( 55): 1705   34 1100  262  489 1759
	422( 31): 1701 1850 1871 1972 1980 1997 1437
	498( 35): 1703 1971 1400 1671 1404 1551 1983
	498( 35): 1703 1971 1399 1394 1472 1813 1910
	498( 37): 1703 1972 1980 1997 1438 1737 1983
	498( 42): 1705   34 1099 1682 1866 1897 1963
	422( 42): 1703 1971 1399 1394 1473 1319 1437
	498( 42): 1703 1972 1980 1997 1438 1738 1873
	383( 42): 1705   34 1100  262  488  556 1573
	472( 42): 1705   34 1100  263  919 1072 1673
	 33( 43): 1703 1971 1400 1669 1854 1882 1941
	338( 44): 1703 1971 1399 1394 1474  619 1183
	498( 44): 1703 1971 1400 1670 1947 1954 1957
	498( 44): 1703 1971 1400 1670 1945 1960 1983
	425( 45): 1703 1974  292  672 1391  934 1530
	472( 45): 1705   33   57  780 1148 1809 1885
	421( 46): 1703 1974  292  672 1391  936 1646
	472( 46): 1703 1971 1401 1903  567  848 1673
	498( 46): 1704   70  235 1317 1626 1867 1902
	198( 47): 1703 1971 1399 1394 1472 1815  218
	498( 47): 1705   34 1099 1682 1866 1896 1902
	498( 47): 1701 1851 1882 1938 1958 1960 1983
	409( 48): 1703 1971 1399 1396 1511 1671 1406
	425( 48): 1703 1972 1980 1997 1439 1452 1505
	498( 49): 1705   34 1097 1788 1798 1870 1983
	152( 49): 1705   33   57  782 1186  968 1625
	498( 50): 1705   34 1100  263  920 1867 1902
 33 : 105 path, hasEnd
	429( 37):  142 1892 1936 1671 1404 1552
	429( 49):  142 1891 1920 1978 1743 1845
	429( 52):  142 1894 1648 1714 1731 1845
	429( 53):  142 1892 1933 1999 1743 1845
	429( 26):  140  128  182  456 1370 1801 1845
	429( 33):  140  128  182  453  765  336 1845
	429( 34):  142 1892 1937  437 1465 1710 1845
	429( 37):  140  126  200   37 1001 1710 1845
	338( 18):  141  493 1183
	498( 34):  142 1893 1910
	421( 35):  142 1894 1646
	102( 21):  140  126  199  626
	498( 21):  142 1892 1935 1983
	152( 31):  140  127  287 1625
	472( 42):  141  491 1604 1885
	498( 45):  142 1893 1912 1963
	425( 50):  140  126  198 1505
	422( 26):  142 1892 1933 1997 1437
	338( 29):  140  126  197  493 1183
	498( 31):  142 1891 1919 1931 1957
	152( 31):  141  493 1186  968 1625
	409( 33):  142 1892 1936 1671 1406
	498( 39):  142 1891 1918 1954 1957
	498( 39):  142 1892 1934 1968 1983
	498( 41):  142 1892 1935 1984 1988
	 66( 43):  140  126  200   36   49
	422( 43):  141  492 1061 1319 1437
	498( 44):  142 1891 1920 1976 1983
	498( 45):  140  127  287 1623 1988
	498( 46):  142 1891 1918 1955 1988
	422( 46):  141  493 1186  967 1544
	425( 46):  142 1892 1934 1970 1346
	498( 47):  140  127  289  614 1421
	498( 47):  140  125  110  852 1957
	425( 47):  140  125  112  477 1068
	498( 51):  140  126  198 1503 1812
	498( 51):  140  127  289  612  551
	338( 55):  141  493 1184 1751 1898
	409( 57):  140  128  180  159 1597
	498( 28):  140  127  287 1626 1867 1902
	422( 31):  142 1892 1935 1985 1997 1437
	423( 34):  141  493 1186  969 1078 1515
	338( 35):  142 1892 1936 1671 1404 1553
	498( 35):  142 1892 1936 1670 1946 1983
	422( 35):  140  127  288 1927 1997 1437
	498( 38):  140  127  288 1928 1931 1957
	338( 38):  140  127  287 1626 1868  158
	425( 40):  142 1892 1937  436  708 1068
	 33( 42):  140  126  201 1052 1455 1941
	 33( 43):  140  128  182  454 1455 1941
	152( 43):  140  128  182  453  764 1625
	498( 43):  142 1892 1937  437 1464 1950
	498( 44):  140  128  181  872 1870 1983
	425( 44):  142 1891 1919 1932  708 1068
	383( 44):  142 1892 1936 1671 1403  886
	409( 44):  142 1892 1937  437 1462 1597
	498( 45):  140  126  201 1053 1954 1957
	472( 45):  142 1892 1934 1967 1231 1885
	338( 45):  140  127  286  183  259 1183
	202( 45):  140  125  110  855  331 1113
	498( 45):  141  493 1186  968 1623 1988
	498( 47):  142 1894 1649 1540 1960 1983
	383( 47):  140  125  108   82  601  659
	498( 48):  142 1893 1914 1304 1778 1983
	338( 48):  140  127  287 1626 1866 1898
	498( 48):  142 1892 1936 1669 1852 1902
	498( 49):  142 1891 1918 1953 1968 1983
	210( 49):  140  125  108   82  601  660
	338( 49):  142 1891 1920 1975 1972 1982
	472( 49):  140  125  110  851  507 1673
	498( 49):  142 1892 1934 1969 1976 1983
	152( 50):  142 1894 1649 1541 1581 1625
	498( 51):  140  125  111 1416 1737 1983
	421( 51):  140  126  200   37  999  955
	498( 52):  140  126  198 1503 1813 1910
	498( 52):  140  126  201 1053 1955 1988
	498( 52):  141  493 1184 1751 1897 1963
	498( 52):  142 1891 1919 1930 1968 1983
	409( 53):  140  128  182  456 1369 1576
	498( 53):  140  127  287 1624 1893 1910
	472( 53):  140  126  197  491 1604 1885
	498( 53):  140  126  199  628 1007  604
	498( 53):  142 1891 1920 1975 1972 1981
	421( 54):  140  127  287 1624 1894 1646
	472( 54):  140  125  110  853 1565 1839
	498( 54):  140  125  110  855  331 1114
	152( 54):  141  493 1185 1586 1764 1625
	338( 55):  142 1892 1936 1669 1856  350
	421( 59):  140  128  180  159 1599 1646
	498( 28):  141  493 1186  968 1626 1867 1902
	421( 30):  142 1892 1937  438 1263  986  573
	472( 31):  142 1892 1937  438 1267  848 1673
	498( 33):  142 1892 1936 1671 1404 1551 1983
	338( 38):  141  493 1186  968 1626 1868  158
	498( 40):  140  127  287 1624 1892 1935 1983
	 33( 41):  142 1892 1936 1669 1854 1882 1941
	338( 41):  140  128  181  872 1871 1972 1982
	152( 42):  140  126  197  493 1186  968 1625
	498( 42):  142 1892 1936 1670 1947 1954 1957
	498( 42):  142 1892 1936 1670 1945 1960 1983
	498( 43):  140  127  286  185  266 1106 1902
	338( 43):  140  125  110  853 1565 1837 1183
	333( 43):  142 1892 1937  438 1263  990 1088
	498( 43):  140  126  201 1052 1455 1938 1957
	472( 43):  142 1894 1649 1542  543  798 1673
 66 : 105 path, hasEnd
	429( 39):  271  511  584 1632 1845
	429( 21):  271  510  312  971 1801 1845
	429( 29):  271  512 1125  261  233 1710 1845
	429( 39):  271  512 1123 1391  934 1532 1845
	429( 46):  271  510  308  302  459 1609  889
	429( 46):  271  510  311 1917 1978 1743 1845
	 42( 14):  269  143
	472( 14):  271  512 1122
	202( 23):  271  510  310 1190
	338( 29):  270  440  619 1183
	498( 33):  271  514 1081 1873
	338( 36):  270  441  874 1009
	498( 24):  271  510  312  973 1988
	338( 27):  270  441  874 1010 1982
	498( 31):  270  441  874 1010 1981
	 33( 37):  271  514 1079  786 1225
	498( 37):  271  512 1121 1559 1950
	498( 38):  269  146 1301 1942 1983
	152( 39):  270  440  618  968 1625
	498( 40):  269  146 1301 1944 1963
	498( 41):  270  441  876 1960 1983
	383( 41):  270  440  617 1489 1498
	498( 43):  271  511  584 1631 1612
	498( 45):  271  512 1123 1392 1988
	498( 45):  271  514 1081 1874 1950
	202( 46):  271  513  135  250 1190
	498( 21):  271  510  311 1916 1935 1983
	498( 25):  271  510  309  950 1931 1957
	472( 26):  271  510  309  948  507 1673
	338( 28):  271  510  310 1187  782 1183
	422( 29):  271  514 1079  784 1319 1437
	498( 31):  271  512 1121 1562 1870 1983
	498( 32):  271  510  310 1187  780 1149
	383( 33):  271  510  310 1189 1645 1573
	422( 33):  271  510  308  303 1319 1437
	202( 35):  271  510  308  300  292  671
	498( 38):  271  512 1121 1560 1852 1902
	498( 38):  271  510  308  301  359  551
	255( 38):  271  510  310 1187  781  816
	498( 41):  271  510  311 1917 1976 1983
	498( 41):  270  442 1719 1916 1935 1983
	472( 42):  271  512 1121 1561 1809 1885
	425( 42):  271  512 1123 1391  934 1530
	152( 42):  270  440  619 1186  968 1625
	423( 42):  270  440  618  969 1078 1515
	421( 43):  271  512 1123 1391  936 1646
	422( 43):  270  440  616 1025 1157 1437
	498( 43):  270  442 1720 1906 1942 1983
	498( 44):  271  511  584 1633 1870 1983
	338( 45):  271  510  310 1188 1592 1009
	338( 45):  271  512 1121 1560 1856  350
	 66( 45):  271  512 1125  262  489 1759
	498( 45):  270  442 1720 1906 1944 1963
	498( 46):  271  511  585 1055  939 1149
	498( 54):  271  510  311 1917 1977 1988
	422( 26):  271  510  311 1916 1933 1997 1437
	422( 26):  270  441  874 1010 1980 1997 1437
	422( 27):  271  510  312  973 1989 1997 1437
	423( 28):  271  512 1125  261  231 1280 1484
	338( 28):  271  512 1121 1562 1871 1972 1982
	498( 29):  271  510  312  973 1990 1931 1957
	 33( 31):  271  512 1121 1560 1854 1882 1941
	498( 32):  271  512 1121 1562 1871 1972 1981
	472( 32):  271  512 1125  263  919 1072 1673
	383( 32):  271  512 1125  262  488  556 1573
	409( 33):  271  510  311 1916 1936 1671 1406
	 33( 35):  271  514 1081 1875 1275 1882 1941
	338( 36):  271  510  310 1188 1592 1010 1982
	498( 36):  270  440  618  968 1626 1867 1902
	383( 37):  271  510  308  302  460  601  659
	425( 38):  271  510  309  950 1932  708 1068
	498( 39):  271  510  311 1916 1934 1968 1983
	210( 39):  271  510  308  302  460  601  660
	498( 40):  271  510  312  972  997 1954 1957
	498( 40):  271  510  310 1188 1592 1010 1981
	498( 40):  271  512 1125  263  920 1867 1902
	498( 40):  271  510  312  971 1802 1954 1957
	422( 41):  271  510  309  948  509  910 1437
	498( 41):  271  510  311 1916 1935 1984 1988
	338( 41):  271  510  312  973 1987 1848 1982
	498( 41):  271  510  311 1915 1095 1935 1983
	338( 41):  271  511  584 1633 1871 1972 1982
	498( 41):  271  510  309  949 1383 1828 1957
	338( 42):  271  510  310 1188 1588 1775 1982
	498( 42):  271  510  310 1188 1588 1774 1963
	498( 42):  271  512 1125  262  490  222 1812
	 33( 43):  271  510  310 1188 1589 1876 1941
	152( 43):  271  512 1125  261  235 1317 1625
	 33( 44):  271  510  308  301  362 1455 1941
	338( 44):  271  510  308  302  457  505  665
	498( 44):  271  514 1080 1379 1619 1867 1902
	498( 44):  271  510  308  302  458 1297 1421
	498( 44):  271  514 1079  784 1320 1867 1902
	338( 44):  271  512 1125  263  919 1075 1618
	498( 44):  271  513  134 1581 1626 1867 1902
	498( 44):  271  512 1125  263  922 1852 1902
	423( 45):  270  440  619 1186  969 1078 1515
	498( 45):  269  146 1300 1746 1788 1796 1983
	498( 45):  271  510  312  973 1987 1848 1981
	498( 45):  271  514 1081 1872 1892 1935 1983
	498( 45):  271  511  584 1633 1871 1972 1981
	409( 45):  271  512 1121 1561 1810 1671 1406
	338( 46):  271  513  133  118 1871 1972 1982
	338( 46):  271  510  311 1917 1975 1972 1982
	498( 46):  271  510  311 1915 1094 1170 1963
255 : 105 path, hasEnd
	429( 38): 1021 1567 1731 1845
	429( 52): 1022  432  859  583  889
	429( 47): 1022  432  859  580 1609  889
	429( 62): 1022  434  681 1579 1325 1552
	429( 52): 1022  432  862  830 1493 1801 1845
	429( 40): 1022  433 1542  541  383 1671 1404 1552
	429( 57): 1022  433 1539 1644 1327 1508 1609  889
	429( 61): 1022  433 1539 1642 1748 1465 1710 1845
	421( 36): 1019  745
	472( 38): 1021 1568 1885
	333( 40): 1019  744 1088
	152( 41): 1019  743  448
	198( 43): 1022  434  682  812
	338( 46): 1022  434  683  350
	338( 52): 1022  432  861 1009
	152( 41): 1022  434  681 1581 1625
	498( 41): 1022  433 1540 1960 1983
	338( 43): 1022  432  861 1010 1982
	152( 44): 1022  433 1541 1581 1625
	498( 44): 1022  434  682  813 1902
	498( 44): 1019  744 1086 1861 1963
	383( 46): 1022  433 1539 1645 1573
	498( 47): 1022  432  861 1010 1981
	498( 47): 1020 1734 1906 1942 1983
	472( 48): 1019  743  449  798 1673
	498( 51): 1022  433 1540 1961 1963
	472( 37): 1022  433 1542  543  798 1673
	383( 42): 1022  433 1542  543  799 1573
	409( 46): 1022  435  718  406  529 1406
	 33( 47): 1022  432  859  582 1252 1941
	338( 47): 1022  433 1542  542  782 1183
	498( 48): 1021 1567 1732 1788 1796 1983
	498( 51): 1022  433 1542  542  780 1149
	338( 51): 1022  433 1540 1959 1972 1982
	421( 54): 1022  432  859  582 1249 1646
	498( 55): 1022  433 1540 1959 1972 1981
	498( 55): 1022  434  681 1581 1623 1988
	498( 56): 1022  434  681 1583  359  551
	255( 57): 1022  433 1542  542  781  816
	498( 58): 1022  433 1541 1581 1623 1988
	472( 58): 1022  432  859  581 1604 1885
	498( 59): 1022  433 1541 1583  359  551
	498( 59): 1022  434  681 1582 1423  892
	338( 60): 1022  434  681 1579 1325 1553
	498( 61): 1022  433 1540 1960 1984 1988
	409( 61): 1022  432  860 1163 1671 1406
	498( 62): 1022  433 1541 1582 1423  892
	409( 36): 1022  433 1542  541  383 1671 1406
	498( 38): 1022  434  681 1581 1626 1867 1902
	498( 41): 1022  434  682  814 1619 1867 1902
	498( 41): 1022  433 1541 1581 1626 1867 1902
	422( 42): 1022  432  861 1010 1980 1997 1437
	498( 47): 1022  433 1539 1645 1570 1861 1963
	338( 48): 1022  434  681 1581 1626 1868  158
	498( 48): 1022  432  859  582 1252 1938 1957
	338( 48): 1022  435  718  406  529 1404 1553
	423( 49): 1022  433 1542  541  380 1078 1515
	422( 51): 1022  433 1540 1960 1985 1997 1437
	338( 51): 1022  433 1541 1581 1626 1868  158
	338( 51): 1022  434  682  814 1619 1868  158
	498( 57): 1022  432  860 1161 1916 1935 1983
	338( 58): 1022  434  681 1581 1626 1866 1898
	498( 58): 1022  432  859  582 1248  669 1421
	 33( 58): 1022  433 1539 1643 1772  102 1225
	498( 58): 1022  434  681 1579 1325 1551 1983
	210( 58): 1022  433 1542  541  381 1215 1679
	498( 59): 1022  432  860 1162 1245 1935 1983
	422( 59): 1022  432  862  830 1494  844 1437
	498( 60): 1022  432  859  580 1608 1954 1957
	 33( 60): 1022  433 1539 1645 1570 1862 1941
	498( 61): 1022  433 1541 1579 1325 1551 1983
	338( 61): 1022  434  682  814 1619 1866 1898
	338( 61): 1022  433 1542  543  800   58 1618
	338( 61): 1022  433 1541 1581 1626 1866 1898
	498( 61): 1022  433 1539 1642 1745 1946 1983
	498( 62): 1022  434  681 1580 1829 1861 1963
	 33( 62): 1022  434  681 1583  362 1455 1941
	202( 62): 1022  433 1540 1959 1974  292  671
	498( 38): 1022  433 1542  541  383 1670 1946 1983
	338( 38): 1022  433 1542  541  383 1671 1404 1553
	498( 43): 1022  433 1542  543  799 1570 1861 1963
	338( 46): 1022  433 1542  541  379  440  619 1183
	498( 46): 1022  435  718  406  529 1404 1551 1983
	383( 47): 1022  433 1542  541  383 1671 1403  886
	498( 50): 1022  434  681 1581 1624 1892 1935 1983
	422( 50): 1022  433 1540 1959 1972 1980 1997 1437
	498( 51): 1022  433 1542  541  383 1669 1852 1902
	338( 53): 1022  433 1542  541  379  441  874 1009
	498( 53): 1022  433 1541 1581 1624 1892 1935 1983
	498( 55): 1022  434  681 1581 1626 1866 1897 1963
	 33( 55): 1022  433 1542  541  381 1217 1882 1941
	338( 55): 1022  433 1542  543  800   57  782 1183
	498( 56): 1022  433 1539 1642 1746 1788 1796 1983
	472( 56): 1022  433 1542  542  780 1148 1809 1885
	 33( 56): 1022  433 1542  543  799 1570 1862 1941
	498( 56): 1022  432  860 1164 1834 1916 1935 1983
	338( 58): 1022  433 1542  541  383 1669 1856  350
	422( 58): 1022  434  681 1581 1623 1989 1997 1437
	498( 58): 1022  433 1541 1581 1626 1866 1897 1963
	498( 59): 1022  433 1542  543  800   57  780 1149
	498( 60): 1022  434  681 1581 1626 1866 1896 1902
	152( 60): 1022  433 1542  542  782 1186  968 1625
	498( 60): 1022  434  681 1581 1623 1990 1931 1957
	498( 61): 1022  433 1539 1645 1570 1862 1938 1957
	422( 61): 1022  433 1541 1581 1623 1989 1997 1437
198 : 105 path, hasEnd
	429( 24):  793 1370 1801 1845
	429( 36):  792  562 1493 1801 1845
	429( 65):  794 1857 1908  772  889
	429( 66):  793 1369 1577 1632 1845
	429( 53):  796  977  672 1391  934 1532 1845
	429( 58):  796  976 1490 1239 1282 1731 1845
	429( 59):  796  977  670  456 1370 1801 1845
	429( 64):  796  976 1489 1499 1779 1801 1845
	429( 66):  794 1858 1874 1951  825 1710 1845
	429( 66):  796  977  670  453  765  336 1845
	429( 66):  792  561 1896 1900 1779 1801 1845
	429( 60):  792  562 1494  845 1198 1001 1710 1845
	429( 65):  792  561 1895  948  508 1282 1731 1845
	429( 66):  792  562 1491 1892 1936 1671 1404 1552
	429( 66):  793 1370 1802 1954 1956 1282 1731 1845
	429( 63):  793 1371 1581 1626 1867 1900 1779 1801 1845
	429( 63):  792  562 1491 1892 1937  437 1465 1710 1845
	429( 65):  792  562 1492 1916 1937  437 1465 1710 1845
	429( 65):  792  561 1897 1965 1415 1304 1779 1801 1845
	429( 66):  792  562 1493 1800 1834 1916 1937  437 1465 1710 1845
	210(  1):  795
	425( 35):  796  975 1505
	202( 40):  796  977  671
	383( 45):  792  560  624
	338( 50):  792  561 1898
	498( 51):  794 1858 1873
	409( 51):  793 1369 1576
	383( 36):  796  976 1489 1498
	498( 36):  796  975 1503 1812
	152( 40):  796  974 1016 1625
	498( 47):  792  561 1897 1963
	498( 52):  792  561 1896 1902
	152( 52):  793 1371 1581 1625
	421( 53):  796  975 1506  745
	498( 55):  794 1859 1954 1957
	472( 56):  792  560  625 1673
	498( 62):  794 1859 1955 1988
	498( 63):  794 1858 1874 1950
	498( 37):  796  975 1503 1813 1910
	498( 43):  793 1370 1802 1954 1957
	422( 43):  792  562 1494  844 1437
	383( 46):  796  974 1015 1470 1498
	498( 46):  796  974 1015 1472 1812
	472( 48):  793 1369 1578  848 1673
	198( 49):  796  975 1503 1815  218
	498( 50):  793 1370 1802 1955 1988
	498( 52):  794 1857 1906 1942 1983
	498( 53):  793 1370 1803 1942 1983
	498( 54):  794 1857 1906 1944 1963
	472( 54):  792  560  623  848 1673
	498( 54):  796  974 1016 1623 1988
	498( 54):  796  976 1489 1501  551
	498( 54):  796  976 1487 1297 1421
	498( 55):  796  976 1490 1240 1988
	498( 55):  793 1370 1803 1944 1963
	202( 55):  796  975 1503 1815  219
	333( 57):  796  975 1506  744 1088
	152( 58):  796  975 1506  743  448
	498( 59):  796  977  672 1392 1988
	498( 61):  794 1857 1907 1931 1957
	422( 63):  796  976 1487 1297 1420
	498( 63):  792  562 1491 1893 1910
	421( 64):  792  562 1491 1894 1646
	498( 65):  794 1859 1953 1968 1983
	 42( 66):  792  561 1899 1443  143
	498( 66):  793 1371 1581 1623 1988
	338( 37):  793 1370 1801 1843 1972 1982
	498( 37):  796  974 1016 1626 1867 1902
	498( 41):  793 1370 1801 1843 1972 1981
	498( 43):  796  976 1488 1788 1796 1983
	422( 44):  796  975 1503 1814 1997 1437
	338( 47):  796  974 1016 1626 1868  158
	498( 47):  796  974 1015 1472 1813 1910
	498( 48):  796  975 1503 1813 1912 1963
	498( 49):  793 1371 1581 1626 1867 1902
	472( 49):  796  976 1488 1788 1797 1885
	498( 50):  796  975 1504 1548 1954 1957
	498( 50):  792  562 1491 1892 1935 1983
	498( 52):  792  562 1492 1916 1935 1983
	 33( 53):  794 1858 1875 1275 1882 1941
	498( 53):  793 1370 1801 1842 1828 1957
	498( 53):  793 1370 1802 1953 1968 1983
	152( 53):  796  975 1503 1816 1016 1625
	 33( 54):  793 1370 1801 1844 1876 1941
	422( 54):  796  974 1015 1473 1319 1437
	338( 55):  793 1370 1800 1836  484  428
	498( 55):  792  562 1493 1802 1954 1957
	383( 55):  793 1369 1578  847 1364 1498
	338( 56):  796  974 1015 1474  619 1183
	425( 56):  796  977  672 1391  934 1530
	498( 56):  792  561 1895  950 1931 1957
	498( 57):  796  975 1504 1548 1955 1988
	338( 57):  796  974 1016 1626 1866 1898
	421( 57):  796  977  672 1391  936 1646
	472( 57):  792  561 1895  948  507 1673
	425( 58):  792  562 1494  846 1034 1068
	198( 59):  796  974 1015 1472 1815  218
	338( 59):  793 1371 1581 1626 1868  158
	423( 59):  793 1369 1578  850 1078 1515
	425( 60):  793 1370 1802 1953 1970 1346
	383( 61):  793 1369 1578  847 1363 1538
	498( 62):  796  974 1016 1624 1893 1910
	498( 62):  792  562 1493 1802 1955 1988
	338( 62):  792  561 1897 1964 1972 1982
	498( 62):  794 1857 1905 1916 1935 1983
498 : 105 path, hasEnd
	429( 43): 1992 1999 1743 1845
	429( 48): 1992 1999 1742 1779 1801 1845
	429( 46): 1992 1997 1439 1453 1391  934 1532 1845
	429( 49): 1993  493 1186  970 1049 1786  772  889
	429( 56): 1993  493 1185 1587   70  233 1710 1845
	423(  3): 1994
	338( 13): 1993  493 1183
	472( 37): 1993  491 1604 1885
	202( 49): 1992 1995 1271 1190
	152( 26): 1993  493 1186  968 1625
	498( 36): 1992 1997 1438 1737 1983
	498( 41): 1992 1997 1438 1738 1873
	425( 47): 1992 1997 1439 1452 1505
	338( 50): 1993  493 1184 1751 1898
	498( 50): 1992 1999 1742 1778 1983
	210( 52): 1993  493 1185 1585 1679
	338( 54): 1993  492 1062 1144 1982
	498( 55): 1992 1996 1804 1852 1902
	498( 55): 1992 1999 1741 1960 1983
	 66( 56): 1993  492 1062 1146 1759
	338( 57): 1992 1995 1272 1972 1982
	498( 58): 1993  492 1062 1144 1981
	498( 40): 1993  493 1186  968 1623 1988
	472( 42): 1992 1997 1439 1449 1072 1673
	472( 43): 1993  491 1605 1752 1072 1673
	498( 43): 1993  491 1602 1762 1796 1983
	338( 44): 1992 1997 1438 1736 1751 1898
	425( 44): 1992 1997 1438 1740  708 1068
	498( 47): 1993  493 1184 1751 1897 1963
	498( 48): 1992 1997 1439 1452 1503 1812
	 33( 48): 1992 1996 1804 1854 1882 1941
	472( 49): 1993  491 1602 1762 1797 1885
	338( 49): 1993  491 1602 1761 1848 1982
	152( 49): 1993  493 1185 1586 1764 1625
	202( 51): 1993  492 1062 1145 1461  671
	498( 52): 1993  493 1184 1751 1896 1902
	409( 52): 1993  491 1602 1763  952 1342
	498( 52): 1992 1997 1439 1453 1392 1988
	498( 53): 1993  492 1061 1320 1867 1902
	498( 53): 1992 1997 1438 1738 1874 1950
	498( 53): 1993  491 1602 1761 1848 1981
	338( 54): 1992 1997 1439 1449 1075 1618
	338( 54): 1992 1995 1271 1187  782 1183
	425( 54): 1993  493 1185 1584 1452 1505
	498( 54): 1993  491 1602 1760 1960 1983
	 33( 54): 1993  491 1605 1755 1455 1941
	338( 55): 1993  491 1605 1752 1075 1618
	338( 55): 1993  492 1062 1145 1459 1982
	472( 55): 1992 1995 1273 1449 1072 1673
	498( 56): 1992 1997 1438 1737 1984 1988
	338( 56): 1992 1998  872 1871 1972 1982
	338( 56): 1992 1999 1743 1843 1972 1982
	498( 58): 1992 1995 1271 1187  780 1149
	498( 23): 1993  493 1186  968 1626 1867 1902
	338( 33): 1993  493 1186  968 1626 1868  158
	498( 41): 1992 1997 1438 1736 1751 1897 1963
	338( 43): 1993  493 1186  968 1626 1866 1898
	498( 43): 1993  493 1186  970 1050 1240 1988
	338( 46): 1992 1997 1438 1739  277  259 1183
	498( 46): 1992 1997 1438 1736 1751 1896 1902
	498( 47): 1992 1999 1742 1780 1919 1931 1957
	498( 48): 1993  493 1186  968 1624 1893 1910
	498( 49): 1992 1997 1439 1452 1503 1813 1910
	498( 49): 1993  491 1602 1762 1798 1870 1983
	498( 49): 1993  493 1185 1586 1766 1935 1983
	425( 49): 1992 1997 1439 1453 1391  934 1530
	472( 49): 1993  493 1185 1584 1449 1072 1673
	498( 49): 1992 1996 1804 1854 1882 1938 1957
	498( 52): 1993  492 1062 1143 1128 1968 1983
	338( 53): 1993  492 1062 1143 1127 1972 1982
	498( 54): 1993  493 1185 1585 1676 1867 1902
	498( 55): 1993  491 1605 1755 1455 1938 1957
	498( 55): 1992 1999 1742 1780 1918 1954 1957
	498( 55): 1993  493 1185 1584 1452 1503 1812
	498( 56): 1993  491 1602 1761 1847 1942 1983
	498( 56): 1992 1998  873 1834 1916 1935 1983
	498( 57): 1993  492 1062 1143 1127 1972 1981
	498( 58): 1993  491 1602 1761 1847 1944 1963
	498( 58): 1993  492 1061 1319 1438 1737 1983
	498( 35): 1993  493 1186  968 1624 1892 1935 1983
	498( 40): 1993  493 1186  968 1626 1866 1897 1963
	 33( 43): 1992 1997 1438 1738 1875 1275 1882 1941
	498( 45): 1993  493 1186  968 1626 1866 1896 1902
	498( 45): 1992 1997 1438 1740  708 1069 1954 1957
	498( 45): 1993  493 1186  968 1623 1990 1931 1957
	338( 46): 1993  491 1602 1762 1798 1871 1972 1982
	498( 46): 1993  493 1185 1586 1764 1626 1867 1902
	498( 46): 1992 1997 1438 1740  710 1128 1968 1983
	338( 47): 1992 1997 1438 1740  710 1127 1972 1982
	498( 48): 1993  493 1186  968 1622 1207  820 1149
	472( 49): 1993  493 1186  970 1049 1783 1809 1885
	498( 50): 1993  491 1602 1762 1798 1871 1972 1981
	472( 50): 1992 1997 1438 1739  277  258  507 1673
	498( 51): 1992 1997 1438 1740  710 1127 1972 1981
	498( 52): 1992 1997 1438 1740  708 1069 1955 1988
	425( 53): 1992 1997 1438 1740  710 1128 1970 1346
	498( 53): 1993  493 1186  967 1545 1570 1861 1963
	 33( 53): 1993  493 1184 1750 1804 1854 1882 1941
	498( 53): 1992 1997 1438 1738 1872 1892 1935 1983
	498( 53): 1993  493 1186  968 1626 1867 1901 1988
	498( 54): 1992 1997 1438 1736 1750 1804 1852 1902
	409( 54): 1992 1997 1438 1740  710 1126  946 1576
	498( 55): 1993  492 1062 1145 1458 1928 1931 1957
	498( 55): 1993  493 1186  970 1051 1363 1536 1910
	498( 56): 1993  493 1185 1584 1452 1503 1813 1910
383 : 105 path, hasEnd
	429( 24): 1528 1801 1845
	429( 53): 1526 1008  562 1493 1801 1845
	429( 54): 1526 1010 1980 1999 1743 1845
	429( 58): 1527 1961 1962 1978 1743 1845
	429( 62): 1527 1960 1985 1999 1743 1845
	429( 68): 1527 1959 1971 1402 1436 1651
	429( 75): 1527 1959 1973 1999 1743 1845
	429( 56): 1526 1010 1979 1292 1508 1609  889
	429( 56): 1527 1959 1971 1400 1671 1404 1552
	429( 61): 1527 1959 1972 1980 1999 1743 1845
	429( 64): 1527 1961 1965 1417 1567 1731 1845
	429( 66): 1528 1800 1834 1917 1978 1743 1845
	429( 66): 1528 1802 1954 1956 1282 1731 1845
	429( 57): 1528 1800 1834 1916 1936 1671 1404 1552
	429( 54): 1528 1800 1834 1916 1937  437 1465 1710 1845
	429( 65): 1528 1800 1834 1916 1937  437 1462 1600  529 1404 1552
	429( 66): 1528 1800 1834 1916 1937  437 1464 1951  825 1710 1845
	338( 37): 1526 1009
	498( 25): 1527 1960 1983
	338( 28): 1526 1010 1982
	498( 32): 1526 1010 1981
	498( 35): 1527 1961 1963
	338( 35): 1527 1959 1972 1982
	498( 39): 1527 1959 1972 1981
	498( 43): 1528 1802 1954 1957
	498( 45): 1527 1960 1984 1988
	498( 50): 1528 1802 1955 1988
	498( 53): 1528 1803 1942 1983
	498( 55): 1528 1803 1944 1963
	383( 62): 1526 1008  560  624
	338( 67): 1526 1008  561 1898
	422( 27): 1526 1010 1980 1997 1437
	422( 35): 1527 1960 1985 1997 1437
	338( 37): 1528 1801 1843 1972 1982
	498( 41): 1528 1801 1843 1972 1981
	202( 46): 1527 1959 1974  292  671
	422( 48): 1527 1959 1973 1997 1437
	338( 50): 1527 1961 1964 1972 1982
	498( 53): 1527 1959 1971 1401 1902
	498( 53): 1528 1801 1842 1828 1957
	498( 53): 1527 1961 1962 1976 1983
	498( 53): 1528 1802 1953 1968 1983
	498( 54): 1527 1961 1964 1972 1981
	 33( 54): 1528 1801 1844 1876 1941
	338( 55): 1528 1800 1836  484  428
	425( 60): 1528 1802 1953 1970 1346
	498( 63): 1528 1800 1835 1976 1983
	498( 64): 1526 1008  561 1897 1963
	338( 65): 1526 1010 1979 1291 1898
	498( 66): 1527 1961 1962 1977 1988
	422( 34): 1527 1959 1972 1980 1997 1437
	498( 41): 1528 1800 1834 1916 1935 1983
	422( 48): 1527 1960 1984 1989 1997 1437
	202( 48): 1528 1801 1843 1974  292  671
	498( 50): 1527 1960 1984 1990 1931 1957
	422( 50): 1528 1801 1843 1973 1997 1437
	498( 50): 1528 1801 1842 1829 1861 1963
	498( 51): 1527 1961 1965 1416 1737 1983
	409( 52): 1527 1959 1971 1400 1671 1406
	422( 53): 1528 1802 1955 1989 1997 1437
	498( 55): 1528 1801 1843 1971 1401 1902
	498( 55): 1528 1801 1844 1876 1938 1957
	498( 55): 1528 1802 1955 1990 1931 1957
	498( 56): 1528 1800 1833 1394 1472 1812
	383( 56): 1528 1800 1833 1394 1470 1498
	498( 56): 1527 1961 1965 1416 1738 1873
	498( 57): 1528 1801 1842 1830 1852 1902
	 33( 57): 1528 1801 1844 1877 1882 1941
	472( 58): 1528 1801 1842 1831  507 1673
	338( 58): 1527 1961 1962 1975 1972 1982
	422( 58): 1528 1800 1833 1395 1997 1437
	472( 59): 1528 1802 1953 1967 1231 1885
	422( 60): 1526 1008  562 1494  844 1437
	498( 60): 1528 1802 1954 1958 1960 1983
	202( 60): 1526 1010 1980 1995 1271 1190
	498( 61): 1528 1800 1834 1917 1976 1983
	498( 61): 1526 1010 1979 1294  229 1612
	202( 61): 1527 1961 1964 1974  292  671
	498( 62): 1527 1961 1962 1975 1972 1981
	338( 62): 1527 1960 1984 1987 1848 1982
	498( 62): 1528 1801 1844 1878 1968 1983
	498( 62): 1526 1010 1979 1291 1897 1963
	422( 63): 1527 1961 1964 1973 1997 1437
	422( 63): 1528 1803 1942 1985 1997 1437
	 33( 63): 1528 1801 1842 1829 1862 1941
	498( 63): 1528 1802 1953 1969 1976 1983
	472( 64): 1527 1961 1965 1417 1568 1885
	338( 64): 1528 1801 1842 1830 1856  350
	472( 66): 1528 1800 1836  486 1359 1817
	498( 66): 1527 1960 1984 1987 1848 1981
	338( 67): 1528 1802 1955 1987 1848 1982
	498( 67): 1526 1010 1979 1291 1896 1902
	202( 68): 1527 1960 1985 1995 1271 1190
	338( 72): 1527 1959 1972 1979 1291 1898
	338( 74): 1527 1960 1986 1243 1592 1009
	422( 36): 1528 1801 1843 1972 1980 1997 1437
	422( 46): 1528 1800 1834 1916 1933 1997 1437
	498( 47): 1526 1010 1980 1997 1438 1737 1983
	338( 49): 1527 1961 1965 1418  931  782 1183
	422( 49): 1527 1961 1964 1972 1980 1997 1437
	 33( 50): 1528 1801 1842 1830 1854 1882 1941
	383( 51): 1527 1959 1971 1399 1394 1470 1498
	498( 51): 1527 1959 1971 1399 1394 1472 1812
	498( 52): 1526 1010 1980 1997 1438 1738 1873
	409( 53): 1528 1800 1834 1916 1936 1671 1406
422 : 105 path, hasEnd
	429( 22): 1689 1801 1845
	429( 48): 1690  330  583  889
	429( 41): 1687 1748 1465 1710 1845
	429( 43): 1690  330  580 1609  889
	429( 38): 1691 1245 1936 1671 1404 1552
	429( 47): 1688 1878 1969 1978 1743 1845
	429( 50): 1688 1878 1970 1344 1609  889
	429( 35): 1691 1245 1937  437 1465 1710 1845
	429( 48): 1688 1876 1938 1956 1282 1731 1845
	429( 51): 1688 1879  749  980 1567 1731 1845
	429( 44): 1691 1245 1937  438 1264 1370 1801 1845
	202( 18): 1690  331 1113
	 33( 24): 1688 1876 1941
	498( 27): 1690  331 1114
	255( 44): 1687 1744 1925
	498( 22): 1691 1245 1935 1983
	498( 25): 1688 1876 1938 1957
	 33( 27): 1688 1877 1882 1941
	498( 32): 1688 1878 1968 1983
	425( 39): 1688 1878 1970 1346
	498( 40): 1690  329  222 1812
	498( 41): 1689 1802 1954 1957
	498( 41): 1687 1745 1946 1983
	472( 43): 1691 1247 1604 1885
	498( 44): 1691 1244 1311 1910
	152( 44): 1691 1246 1764 1625
	498( 48): 1689 1802 1955 1988
	422( 27): 1691 1245 1933 1997 1437
	498( 28): 1688 1877 1882 1938 1957
	 33( 29): 1690  331 1115 1226 1225
	409( 34): 1691 1245 1936 1671 1406
	338( 35): 1689 1801 1843 1972 1982
	422( 36): 1690  329  221 1319 1437
	498( 36): 1687 1746 1788 1796 1983
	472( 38): 1688 1878 1967 1231 1885
	472( 39): 1688 1879  747  642 1122
	498( 39): 1688 1876 1940 1954 1957
	498( 39): 1689 1801 1843 1972 1981
	498( 39): 1688 1876 1939 1960 1983
	498( 40): 1691 1245 1934 1968 1983
	 33( 41): 1688 1877 1883  786 1225
	498( 41): 1690  329  222 1813 1910
	498( 42): 1688 1878 1969 1976 1983
	498( 42): 1691 1245 1935 1984 1988
	472( 42): 1687 1746 1788 1797 1885
	 33( 43): 1690  330  582 1252 1941
	498( 44): 1691 1246 1766 1935 1983
	498( 45): 1691 1244 1312 1796 1983
	498( 46): 1688 1876 1940 1955 1988
	425( 47): 1691 1245 1934 1970 1346
	498( 48): 1687 1745 1947 1954 1957
	498( 48): 1687 1745 1945 1960 1983
	498( 49): 1688 1876 1939 1961 1963
	 33( 51): 1688 1879  748 1661 1941
	498( 52): 1688 1878 1968 1984 1988
	498( 55): 1688 1878 1969 1977 1988
	422( 32): 1691 1245 1935 1985 1997 1437
	422( 33): 1688 1877 1883  784 1319 1437
	 66( 35): 1688 1879  747  645   81   49
	498( 36): 1691 1245 1936 1670 1946 1983
	338( 36): 1691 1245 1936 1671 1404 1553
	498( 39): 1689 1800 1834 1916 1935 1983
	498( 41): 1691 1246 1764 1626 1867 1902
	425( 41): 1691 1245 1937  436  708 1068
	498( 42): 1688 1876 1938 1958 1960 1983
	498( 42): 1688 1877 1882 1939 1960 1983
	498( 42): 1688 1877 1881 1919 1931 1957
	498( 42): 1688 1877 1882 1940 1954 1957
	422( 42): 1688 1878 1968 1985 1997 1437
	498( 42): 1687 1746 1788 1798 1870 1983
	422( 44): 1688 1877 1880 1927 1997 1437
	498( 44): 1691 1245 1937  437 1464 1950
	333( 44): 1688 1879  747  641  632 1088
	498( 44): 1687 1746 1787 1919 1931 1957
	498( 44): 1690  330  582 1252 1938 1957
	409( 45): 1691 1245 1937  437 1462 1597
	383( 45): 1691 1245 1936 1671 1403  886
	338( 46): 1688 1879  747  644   58 1618
	202( 46): 1689 1801 1843 1974  292  671
	472( 46): 1691 1245 1934 1967 1231 1885
	338( 47): 1688 1878 1969 1975 1972 1982
	498( 47): 1688 1877 1880 1928 1931 1957
	202( 47): 1690  331 1115 1228 1271 1190
	152( 48): 1688 1878 1967 1232 1581 1625
	409( 48): 1687 1748 1462 1600  529 1406
	422( 48): 1690  329  222 1814 1997 1437
	498( 48): 1689 1801 1842 1829 1861 1963
	422( 48): 1689 1801 1843 1973 1997 1437
	498( 49): 1688 1876 1940 1953 1968 1983
	338( 49): 1688 1876 1939 1959 1972 1982
	498( 49): 1688 1877 1882 1940 1955 1988
	498( 50): 1688 1877 1881 1918 1954 1957
	498( 51): 1688 1878 1969 1975 1972 1981
	472( 51): 1688 1879  749  980 1568 1885
	498( 52): 1688 1879  748 1661 1938 1957
	498( 52): 1688 1876 1938 1958 1961 1963
	498( 52): 1688 1877 1882 1939 1961 1963
	498( 53): 1688 1876 1939 1959 1972 1981
	498( 55): 1688 1877 1881 1920 1976 1983
	383( 24): 1688 1879  747  645   82  601  659
	210( 26): 1688 1879  747  645   82  601  660
	421( 31): 1691 1245 1937  438 1263  986  573
	472( 32): 1691 1245 1937  438 1267  848 1673
	498( 34): 1691 1245 1936 1671 1404 1551 1983
	422( 34): 1689 1801 1843 1972 1980 1997 1437
192 : 105 path, hasEnd
	429( 31):  768  964 1651
	429( 35):  770  192 1404 1552
	429( 42):  770  191  307 1465 1710 1845
	429( 53):  769 1145 1460 1999 1743 1845
	429( 54):  769 1144 1980 1999 1743 1845
	429( 53):  768  963  724  404 1493 1801 1845
	333( 17):  766 1088
	338( 28):  769 1144 1982
	 66( 30):  769 1146 1759
	409( 31):  770  192 1406
	498( 32):  769 1144 1981
	498( 21):  766 1086 1861 1963
	202( 25):  769 1145 1461  671
	338( 29):  769 1145 1459 1982
	202( 30):  770  190  292  671
	498( 33):  769 1145 1459 1981
	338( 33):  770  192 1404 1553
	422( 33):  767 1640 1997 1437
	 33( 34):  766 1086 1862 1941
	 66( 36):  770  191  306 1759
	498( 41):  769 1146 1757 1950
	338( 42):  770  191  305  350
	383( 42):  770  192 1403  886
	498( 46):  768  964 1652 1963
	498( 50):  768  963  723 1988
	498( 26):  769 1143 1128 1968 1983
	422( 26):  769 1145 1460 1997 1437
	422( 27):  769 1144 1980 1997 1437
	338( 27):  769 1143 1127 1972 1982
	498( 31):  770  192 1404 1551 1983
	498( 31):  769 1143 1127 1972 1981
	425( 33):  769 1143 1128 1970 1346
	409( 34):  769 1143 1126  946 1576
	498( 35):  766 1086 1862 1938 1957
	498( 37):  768  965 1762 1796 1983
	498( 38):  768  964 1650 1778 1983
	498( 40):  769 1146 1758 1828 1957
	498( 42):  766 1086 1860 1413 1963
	472( 43):  768  965 1762 1797 1885
	338( 43):  768  965 1761 1848 1982
	409( 46):  768  965 1763  952 1342
	498( 47):  770  191  306 1757 1950
	498( 47):  768  965 1761 1848 1981
	498( 48):  768  965 1760 1960 1983
	498( 49):  766 1087 1496 1870 1983
	498( 50):  770  191  305  349  551
	425( 51):  768  964 1653 1512 1656
	498( 51):  770  191  307 1464 1950
	409( 52):  770  191  307 1462 1597
	498( 52):  769 1146 1757 1949 1988
	422( 26):  769 1145 1458 1927 1997 1437
	422( 28):  769 1145 1459 1980 1997 1437
	498( 29):  769 1145 1458 1928 1931 1957
	498( 32):  769 1146 1756 1095 1935 1983
	472( 32):  769 1143 1128 1967 1231 1885
	338( 36):  766 1086 1861 1964 1972 1982
	498( 36):  769 1143 1128 1969 1976 1983
	498( 37):  769 1146 1758 1829 1861 1963
	498( 37):  769 1146 1756 1094 1170 1963
	338( 38):  766 1086 1863  183  259 1183
	202( 38):  769 1143 1127 1974  292  671
	472( 38):  769 1143 1129  385 1116 1122
	498( 39):  766 1086 1861 1962 1976 1983
	498( 40):  766 1086 1861 1964 1972 1981
	422( 40):  769 1143 1127 1973 1997 1437
	338( 40):  769 1143 1129  386  874 1009
	498( 41):  769 1146 1756 1094 1172 1950
	202( 41):  769 1146 1756 1096 1271 1190
	102( 42):  769 1143 1129  385 1119  393
	498( 42):  769 1143 1126  943 1968 1983
	422( 43):  769 1143 1129  387  844 1437
	498( 43):  768  965 1762 1798 1870 1983
	498( 43):  769 1143 1126  945 1737 1983
	498( 44):  769 1146 1758 1830 1852 1902
	498( 44):  769 1143 1129  384  229 1612
	498( 44):  769 1145 1461  672 1392 1988
	422( 44):  766 1087 1495 1025 1157 1437
	472( 45):  769 1146 1758 1831  507 1673
	498( 45):  769 1143 1127 1971 1401 1902
	498( 46):  769 1143 1128 1968 1984 1988
	498( 46):  770  191  306 1758 1828 1957
	338( 46):  766 1087 1496 1871 1972 1982
	425( 46):  769 1146 1756 1094 1171 1255
	383( 47):  770  190  290 1051 1364 1498
	409( 48):  768  964 1653 1511 1671 1406
	210( 48):  769 1143 1126  947  962  462
	498( 48):  769 1143 1126  945 1738 1873
	498( 48):  769 1143 1129  385 1118 1873
	498( 48):  770  190  290 1050 1240 1988
	498( 49):  766 1086 1862 1939 1960 1983
	425( 49):  769 1143 1126  943 1970 1346
	498( 49):  766 1086 1862 1940 1954 1957
	498( 49):  770  190  292  672 1392 1988
	498( 49):  769 1143 1128 1969 1977 1988
	192( 50):  766 1087 1497 1596  605  804
	498( 50):  768  965 1761 1847 1942 1983
	 33( 50):  769 1146 1758 1829 1862 1941
	498( 50):  770  192 1405 1788 1796 1983
	472( 50):  766 1087 1495 1023  957 1885
	498( 50):  766 1087 1496 1871 1972 1981
	338( 51):  769 1146 1758 1830 1856  350
	255( 51):  766 1086 1863  184  345 1925
	498( 51):  770  192 1404 1551 1984 1988
	472( 51):  770  191  305  347  594 1885
	 33( 51):  768  966 1827 1854 1882 1941
130 : 105 path, hasEnd
	429( 46):  522 1787 1920 1978 1743 1845
	429( 48):  522 1790 1327 1508 1609  889
	429( 50):  524  757  669 1419  934 1532 1845
	429( 57):  522 1788 1796 1985 1999 1743 1845
	429( 59):  524  757  668 1256 1508 1609  889
	429( 51):  522 1787 1919 1931 1956 1282 1731 1845
	429( 51):  522 1787 1920 1978 1742 1779 1801 1845
	429( 56):  522 1788 1798 1871 1971 1402 1436 1651
	429( 59):  522 1787 1918 1954 1956 1282 1731 1845
	429( 58):  524  754  751  996 1542  541  383 1671 1404 1552
	429( 59):  524  756 1394 1472 1813 1914 1304 1779 1801 1845
	429( 60):  524  754  750  391 1682 1867 1900 1779 1801 1845
	409( 19):  523
	498( 20):  522 1788 1796 1983
	472( 26):  522 1788 1797 1885
	498( 35):  524  757  669 1421
	422( 44):  524  757  669 1420
	425( 46):  524  757  668 1255
	498( 49):  522 1789 1852 1902
	472( 56):  524  755  984 1839
	338( 56):  522 1789 1856  350
	338( 60):  522 1789 1853 1898
	498( 26):  522 1788 1798 1870 1983
	498( 28):  522 1787 1919 1931 1957
	498( 36):  522 1787 1918 1954 1957
	498( 40):  522 1788 1796 1984 1988
	498( 41):  522 1787 1920 1976 1983
	472( 41):  524  755  985 1604 1885
	409( 41):  522 1788 1799  952 1342
	 33( 42):  522 1789 1854 1882 1941
	498( 43):  522 1787 1918 1955 1988
	498( 45):  522 1788 1798 1869 1988
	338( 45):  524  755  984 1837 1183
	383( 46):  524  756 1394 1470 1498
	498( 46):  524  756 1394 1472 1812
	422( 48):  524  756 1395 1997 1437
	425( 49):  522 1788 1797 1884 1255
	 33( 50):  522 1791 1052 1455 1941
	498( 53):  522 1791 1053 1954 1957
	498( 54):  522 1787 1920 1977 1988
	338( 56):  524  754  752 1848 1982
	498( 56):  524  755  984 1841 1812
	498( 57):  522 1789 1853 1897 1963
	425( 59):  522 1789 1855  708 1068
	498( 60):  522 1791 1053 1955 1988
	498( 60):  524  754  752 1848 1981
	338( 23):  522 1788 1798 1871 1972 1982
	498( 27):  522 1788 1798 1871 1972 1981
	422( 30):  522 1788 1796 1985 1997 1437
	425( 41):  522 1787 1919 1932  708 1068
	498( 43):  522 1789 1854 1882 1938 1957
	498( 46):  522 1787 1918 1953 1968 1983
	498( 46):  522 1788 1798 1870 1984 1988
	338( 46):  522 1787 1920 1975 1972 1982
	498( 47):  524  756 1394 1472 1813 1910
	472( 48):  524  754  750  390  798 1673
	498( 49):  522 1787 1919 1930 1968 1983
	 33( 49):  524  754  750  388  351  252
	498( 50):  522 1787 1920 1975 1972 1981
	472( 50):  524  757  667  385 1116 1122
	383( 50):  524  754  750  389 1645 1573
	498( 51):  524  754  751  997 1954 1957
	498( 51):  522 1791 1052 1455 1938 1957
	472( 51):  524  755  983 1211 1446 1673
	338( 52):  524  757  667  386  874 1009
	425( 53):  524  757  669 1419  934 1530
	383( 53):  524  754  750  390  799 1573
	425( 53):  522 1787 1918 1953 1970 1346
	102( 54):  524  757  667  385 1119  393
	422( 54):  524  756 1394 1473 1319 1437
	422( 55):  524  757  667  387  844 1437
	422( 56):  522 1791 1054 1061 1319 1437
	338( 56):  524  756 1394 1474  619 1183
	 33( 56):  522 1789 1854 1883  786 1225
	498( 56):  524  757  667  384  229 1612
	425( 56):  522 1787 1919 1930 1970 1346
	 33( 57):  522 1791 1052 1454 1876 1941
	 33( 57):  522 1788 1799  954 1337 1941
	498( 57):  524  755  984 1841 1813 1910
	 33( 58):  522 1787 1919 1929 1337 1941
	498( 58):  524  754  751  997 1955 1988
	338( 58):  522 1791 1052 1456 1775 1982
	498( 58):  522 1791 1052 1456 1774 1963
	198( 59):  524  756 1394 1472 1815  218
	152( 59):  522 1788 1799  952 1340 1625
	422( 59):  522 1791 1054 1060 1997 1437
	409( 60):  524  756 1396 1511 1671 1406
	498( 60):  524  757  667  385 1118 1873
	498( 60):  522 1790 1329 1892 1935 1983
	498( 61):  522 1787 1920 1976 1984 1988
	202( 34):  522 1788 1798 1871 1974  292  671
	422( 36):  522 1788 1798 1870 1985 1997 1437
	422( 36):  522 1788 1798 1871 1973 1997 1437
	498( 41):  522 1788 1798 1871 1971 1401 1902
	422( 43):  522 1788 1796 1984 1989 1997 1437
	338( 43):  524  757  667  386  874 1010 1982
	498( 45):  522 1788 1796 1984 1990 1931 1957
	498( 45):  522 1787 1919 1931 1958 1960 1983
	422( 46):  522 1787 1918 1955 1989 1997 1437
	498( 46):  524  754  750  391 1682 1867 1902
	498( 47):  524  757  667  386  874 1010 1981
	498( 47):  524  755  985 1602 1762 1796 1983
	472( 47):  524  755  985 1605 1752 1072 1673
	422( 48):  522 1788 1798 1869 1989 1997 1437
	 33( 48):  522 1788 1799  953 1052 1455 1941
102 : 105 path, hasEnd
	429( 54):  413  533  579  772  889
	429( 55):  413  535  980 1567 1731 1845
	429( 58):  413  537  120   79  336 1845
	429( 38):  413  537  121  186  233 1710 1845
	429( 43):  415 1570 1861 1962 1978 1743 1845
	192( 12):  414
	338( 13):  416  665
	383( 19):  415 1573
	255( 26):  413  534  816
	498( 20):  415 1570 1861 1963
	 33( 33):  415 1570 1862 1941
	338( 37):  413  537  124  665
	421( 43):  413  533  576  955
	498( 44):  415 1572 1828 1957
	 33( 47):  413  536 1337 1941
	472( 29):  416  666 1752 1072 1673
	498( 34):  415 1570 1862 1938 1957
	472( 35):  416  664 1211 1446 1673
	338( 36):  415 1574  931  782 1183
	472( 39):  413  533  576  957 1885
	498( 40):  415 1574  931  780 1149
	 33( 40):  416  666 1755 1455 1941
	498( 41):  415 1570 1860 1413 1963
	498( 41):  415 1572 1829 1861 1963
	338( 41):  416  666 1752 1075 1618
	255( 46):  415 1574  931  781  816
	498( 48):  415 1572 1830 1852 1902
	498( 48):  413  536 1337 1938 1957
	472( 49):  415 1572 1831  507 1673
	498( 50):  415 1571 1824 1852 1902
	 33( 54):  415 1572 1829 1862 1941
	498( 54):  415 1571 1823 1946 1983
	472( 55):  413  535  980 1568 1885
	338( 55):  415 1572 1830 1856  350
	338( 57):  415 1571 1824 1856  350
	338( 59):  415 1572 1830 1853 1898
	498( 61):  413  536 1336 1806 1950
	338( 61):  415 1571 1824 1853 1898
	498( 62):  413  535  981 1596  604
	421( 69):  413  533  578 1306 1646
	472( 70):  413  534  815 1476 1768
	383( 33):  416  664 1211 1448  601  659
	338( 35):  415 1570 1861 1964 1972 1982
	210( 35):  416  664 1211 1448  601  660
	338( 37):  415 1570 1863  183  259 1183
	498( 37):  415 1571 1822 1928 1931 1957
	498( 38):  415 1570 1861 1962 1976 1983
	498( 39):  415 1570 1861 1964 1972 1981
	 33( 41):  415 1572 1830 1854 1882 1941
	498( 41):  416  666 1755 1455 1938 1957
	422( 42):  413  535  978 1927 1997 1437
	 33( 43):  415 1571 1824 1854 1882 1941
	498( 45):  413  536 1338 1916 1935 1983
	498( 45):  413  535  978 1928 1931 1957
	498( 48):  415 1570 1862 1939 1960 1983
	338( 48):  416  666 1755 1456 1775 1982
	498( 48):  416  666 1755 1456 1774 1963
	498( 48):  415 1570 1862 1940 1954 1957
	498( 49):  413  534  817 1218  858 1902
	255( 50):  415 1570 1863  184  345 1925
	498( 51):  413  536 1336 1804 1852 1902
	202( 51):  413  537  120   80   93  671
	498( 51):  415 1570 1861 1962 1977 1988
	472( 51):  415 1570 1860 1414 1568 1885
	425( 51):  413  534  817 1221  477 1068
	498( 52):  416  666 1755 1456 1775 1981
	472( 53):  413  533  577 1752 1072 1673
	102( 53):  415 1570 1863  183  257  393
	498( 54):  413  537  121  188 1401 1902
	498( 54):  413  533  576  958  359  551
	192( 55):  415 1574  931  779 1160 1258
	498( 55):  415 1570 1864   66 1374 1873
	498( 55):  415 1572 1829 1862 1938 1957
	498( 55):  415 1570 1862 1940 1955 1988
	498( 56):  415 1572 1830 1853 1897 1963
	498( 58):  413  534  815 1478 1423  892
	338( 58):  413  536 1336 1804 1856  350
	498( 58):  415 1570 1862 1939 1961 1963
	192( 58):  413  535  981 1596  605  804
	425( 58):  415 1572 1830 1855  708 1068
	472( 58):  413  533  578 1309  930 1885
	498( 58):  415 1571 1824 1853 1897 1963
	338( 58):  413  537  122  225  493 1183
	498( 59):  413  536 1335 1496 1870 1983
	498( 59):  415 1572 1832  207 1559 1950
	498( 59):  413  533  579  773 1935 1983
	425( 60):  415 1571 1824 1855  708 1068
	498( 61):  413  536 1336 1805 1870 1983
	498( 61):  415 1571 1823 1945 1960 1983
	202( 61):  415 1572 1832  205  250 1190
	498( 61):  415 1572 1828 1958 1960 1983
	498( 61):  415 1572 1830 1853 1896 1902
	498( 61):  415 1571 1823 1947 1954 1957
	425( 62):  413  533  576  957 1884 1255
	338( 62):  413  536 1336 1804 1853 1898
	498( 62):  413  536 1337 1939 1960 1983
	498( 62):  413  536 1337 1940 1954 1957
	 33( 64):  413  533  577 1755 1455 1941
	498( 64):  413  536 1335 1497 1596  604
	421( 64):  413  536 1335 1495 1023  955
	498( 65):  413  536 1338 1917 1976 1983
	421( 65):  413  533  578 1310  278 1646
	498( 69):  413  536 1337 1940 1955 1988
	498( 35):  415 1570 1863  185  266 1106 1902
	498( 36):  415 1570 1861 1965 1416 1737 1983
472 : 105 path, hasEnd
	429( 27): 1888 1951  825 1710 1845
	429( 57): 1889 1946 1985 1999 1743 1845
	429( 50): 1889 1947 1954 1956 1282 1731 1845
	429( 52): 1889 1947 1953 1969 1978 1743 1845
	429( 55): 1889 1947 1953 1970 1344 1609  889
	429( 56): 1888 1948 1971 1400 1671 1404 1552
	429( 58): 1888 1952  871  690 1370 1801 1845
	429( 59): 1887 1349 1822 1927 1999 1743 1845
	429( 60): 1889 1945 1961 1962 1978 1743 1845
	429( 56): 1887 1348  681 1581 1626 1867 1900 1779 1801 1845
	429( 59): 1887 1348  682  814 1619 1867 1900 1779 1801 1845
	255( 10): 1890
	498( 24): 1888 1950
	498( 20): 1889 1946 1983
	498( 35): 1888 1949 1988
	498( 27): 1889 1945 1960 1983
	498( 27): 1889 1947 1954 1957
	498( 34): 1889 1947 1955 1988
	338( 35): 1888 1948 1972 1982
	498( 37): 1889 1945 1961 1963
	498( 39): 1888 1948 1972 1981
	498( 40): 1889 1946 1984 1988
	338( 50): 1887 1348  683  350
	498( 54): 1887 1350 1942 1983
	498( 56): 1887 1350 1944 1963
	498( 37): 1889 1947 1953 1968 1983
	338( 37): 1889 1945 1959 1972 1982
	498( 40): 1888 1949 1990 1931 1957
	498( 41): 1889 1945 1959 1972 1981
	425( 44): 1889 1947 1953 1970 1346
	498( 45): 1888 1952  872 1870 1983
	152( 45): 1887 1348  681 1581 1625
	202( 46): 1888 1948 1974  292  671
	498( 47): 1889 1945 1960 1984 1988
	498( 48): 1887 1348  682  813 1902
	498( 48): 1887 1349 1824 1852 1902
	338( 52): 1888 1949 1987 1848 1982
	498( 52): 1887 1349 1823 1946 1983
	498( 53): 1888 1948 1971 1401 1902
	338( 55): 1887 1349 1824 1856  350
	498( 56): 1888 1949 1987 1848 1981
	498( 58): 1887 1348  683  349  551
	338( 59): 1887 1349 1824 1853 1898
	498( 35): 1887 1349 1822 1928 1931 1957
	498( 39): 1889 1947 1955 1990 1931 1957
	 33( 41): 1887 1349 1824 1854 1882 1941
	338( 42): 1888 1952  872 1871 1972 1982
	472( 43): 1889 1947 1953 1967 1231 1885
	498( 44): 1889 1947 1954 1958 1960 1983
	338( 45): 1888 1951  825 1711 1721 1982
	498( 45): 1889 1946 1984 1990 1931 1957
	498( 46): 1888 1952  872 1871 1972 1981
	498( 47): 1889 1947 1953 1969 1976 1983
	472( 48): 1888 1951  826 1309  930 1885
	202( 48): 1889 1945 1959 1974  292  671
	498( 49): 1888 1951  825 1711 1721 1981
	338( 51): 1889 1947 1955 1987 1848 1982
	409( 52): 1888 1948 1971 1400 1671 1406
	338( 52): 1889 1945 1961 1964 1972 1982
	425( 53): 1888 1949 1990 1932  708 1068
	498( 54): 1888 1951  827  872 1870 1983
	498( 54): 1889 1947 1954 1958 1961 1963
	498( 55): 1889 1945 1959 1971 1401 1902
	498( 55): 1889 1947 1955 1987 1848 1981
	498( 55): 1889 1945 1961 1962 1976 1983
	338( 56): 1888 1952  873 1836  484  428
	498( 56): 1889 1945 1961 1964 1972 1981
	498( 56): 1887 1349 1824 1853 1897 1963
	498( 57): 1889 1947 1953 1968 1984 1988
	338( 57): 1889 1946 1984 1987 1848 1982
	425( 58): 1887 1349 1824 1855  708 1068
	498( 59): 1887 1349 1823 1947 1954 1957
	498( 59): 1888 1949 1987 1847 1942 1983
	498( 59): 1887 1348  681 1581 1623 1988
	472( 59): 1887 1348  683  347  594 1885
	498( 59): 1887 1349 1823 1945 1960 1983
	498( 60): 1887 1348  681 1583  359  551
	498( 60): 1889 1947 1953 1969 1977 1988
	498( 61): 1888 1949 1987 1847 1944 1963
	498( 61): 1888 1949 1990 1930 1968 1983
	498( 61): 1889 1946 1984 1987 1848 1981
	202( 63): 1889 1946 1985 1995 1271 1190
	498( 68): 1889 1945 1961 1962 1977 1988
	338( 69): 1889 1946 1986 1243 1592 1009
	338( 39): 1888 1951  826 1310  277  259 1183
	338( 40): 1888 1951  825 1710 1843 1972 1982
	498( 42): 1887 1349 1824 1854 1882 1938 1957
	498( 42): 1888 1952  873 1834 1916 1935 1983
	498( 42): 1887 1348  681 1581 1626 1867 1902
	498( 44): 1888 1951  825 1710 1843 1972 1981
	498( 45): 1887 1348  682  814 1619 1867 1902
	383( 48): 1888 1951  825 1711 1725 1175 1538
	425( 48): 1887 1349 1822 1928 1932  708 1068
	383( 50): 1888 1952  871  689 1394 1470 1498
	472( 50): 1887 1349 1822 1926 1211 1446 1673
	498( 50): 1888 1952  871  689 1394 1472 1812
	383( 51): 1888 1948 1971 1399 1394 1470 1498
	498( 51): 1888 1948 1971 1399 1394 1472 1812
	338( 51): 1888 1951  827  872 1871 1972 1982
	338( 52): 1888 1951  826 1310  279 1144 1982
	425( 52): 1889 1947 1955 1990 1932  708 1068
	498( 52): 1889 1945 1960 1984 1990 1931 1957
	338( 52): 1889 1947 1953 1969 1975 1972 1982
	338( 52): 1887 1348  681 1581 1626 1868  158
	409( 53): 1888 1951  826 1309  927 1671 1406
  1 : 105 path, noEnd
	429( 25):    6  830 1493 1801 1845
	429( 44):    7 1226 1223 1325 1552
	429( 51):    5  995  584 1632 1845
	429( 42):    7 1226 1222 1120  964 1651
	429( 47):    7 1227 1733 1786  772  889
	429( 48):    7 1227 1734 1908  772  889
	429( 51):    7 1229  806  529 1404 1552
	429( 46):    5  996 1542  541  383 1671 1404 1552
	 33( 14):    7 1226 1225
	202( 34):    7 1229  807
	498( 38):    6  829 1988
	202( 32):    7 1228 1271 1190
	425( 36):    6  828  477 1068
	498( 39):    5  997 1954 1957
	498( 46):    5  997 1955 1988
	472( 31):    7 1226 1222 1116 1122
	422( 32):    6  830 1494  844 1437
	202( 37):    7 1226 1224 1461  671
	338( 40):    7 1228 1272 1972 1982
	338( 41):    7 1226 1224 1459 1982
	422( 41):    6  829 1989 1997 1437
	498( 41):    7 1226 1222 1118 1873
	338( 42):    7 1226 1223 1325 1553
	425( 43):    7 1228 1273 1452 1505
	498( 43):    6  829 1990 1931 1957
	498( 44):    7 1228 1272 1972 1981
	498( 45):    7 1226 1224 1459 1981
	498( 45):    7 1227 1735 1852 1902
	498( 47):    5  996 1540 1960 1983
	409( 47):    7 1229  806  529 1406
	498( 49):    5  997 1953 1968 1983
	498( 50):    7 1229  808 1297 1421
	152( 50):    5  996 1541 1581 1625
	498( 52):    6  830 1491 1893 1910
	383( 52):    5  996 1539 1645 1573
	338( 52):    7 1227 1735 1856  350
	422( 52):    7 1228 1273 1451 1544
	421( 53):    6  830 1491 1894 1646
	338( 56):    7 1227 1735 1853 1898
	422( 59):    7 1229  808 1297 1420
	498( 62):    7 1229  806  531 1873
	498( 35):    7 1227 1734 1906 1942 1983
	338( 37):    7 1228 1271 1187  782 1183
	498( 37):    7 1227 1734 1906 1944 1963
	498( 37):    6  828  477 1069 1954 1957
	472( 38):    7 1228 1273 1449 1072 1673
	 33( 38):    7 1227 1735 1854 1882 1941
	498( 39):    6  830 1491 1892 1935 1983
	498( 40):    7 1226 1223 1325 1551 1983
	152( 40):    7 1226 1222 1117 1581 1625
	498( 41):    6  830 1492 1916 1935 1983
	498( 41):    7 1228 1271 1187  780 1149
	383( 42):    7 1228 1271 1189 1645 1573
	472( 43):    5  996 1542  543  798 1673
	498( 44):    7 1227 1734 1907 1931 1957
	498( 44):    7 1228 1273 1452 1503 1812
	498( 44):    6  830 1493 1802 1954 1957
	498( 44):    6  828  477 1069 1955 1988
	472( 47):    7 1227 1733 1783 1809 1885
	255( 47):    7 1228 1271 1187  781  816
	425( 47):    6  830 1494  846 1034 1068
	498( 48):    7 1228 1273 1453 1392 1988
	498( 48):    7 1226 1223 1324 1401 1902
	383( 48):    5  996 1542  543  799 1573
	472( 48):    6  828  475  673 1072 1673
	338( 49):    7 1229  806  529 1404 1553
	422( 49):    5  997 1955 1989 1997 1437
	338( 50):    7 1228 1273 1449 1075 1618
	202( 50):    7 1226 1223 1326  243  671
	202( 51):    7 1228 1272 1974  292  671
	498( 51):    6  830 1493 1802 1955 1988
	498( 51):    5  997 1955 1990 1931 1957
	498( 51):    6  828  475  676 1796 1983
	498( 53):    7 1226 1222 1118 1874 1950
	422( 53):    7 1228 1272 1973 1997 1437
	498( 53):    7 1227 1734 1906 1943 1950
	498( 53):    7 1227 1735 1853 1897 1963
	338( 53):    5  996 1542  542  782 1183
	152( 53):    6  828  476  681 1581 1625
	338( 54):    7 1228 1271 1188 1592 1009
	498( 54):    6  830 1493 1803 1942 1983
	425( 55):    7 1227 1735 1855  708 1068
	498( 56):    6  830 1493 1803 1944 1963
	409( 56):    7 1228 1273 1449 1074 1342
	498( 58):    7 1227 1735 1853 1896 1902
	498( 58):    7 1228 1272 1971 1401 1902
	383( 58):    7 1229  806  529 1403  886
	472( 59):    7 1226 1222 1119  395 1839
	498( 60):    7 1227 1735 1856  349  551
	 66( 65):    7 1227 1734 1909 1367 1759
	210( 65):    7 1227 1733 1782  962  462
	210( 65):    7 1227 1733 1786  771  462
	210( 66):    7 1227 1734 1908  771  462
	338( 38):    6  830 1493 1801 1843 1972 1982
	498( 39):    7 1227 1735 1854 1882 1938 1957
	422( 39):    7 1228 1272 1972 1980 1997 1437
	498( 41):    7 1226 1224 1458 1928 1931 1957
	409( 42):    5  996 1542  541  383 1671 1406
	498( 42):    6  830 1493 1801 1843 1972 1981
	472( 43):    7 1226 1222 1119  397 1604 1885
	422( 44):    6  830 1491 1892 1933 1997 1437
	338( 45):    7 1228 1271 1188 1592 1010 1982
	425( 45):    7 1228 1273 1453 1391  934 1530
	498( 45):    7 1228 1273 1452 1503 1813 1910
	421( 45):    6  830 1494  846 1035 1152  647
